Foto,0
22,64,48,65,46,17.657158563231484
25,64,120,64,119,18.266163656688878
54,160,96,161,97,10.676916228406554
67,192,168,194,167,19.148663587599337
83,256,72,255,70,17.387196967739794
Fin
Foto,0
8,0,192,0,190,15.593214022421193
51,160,24,158,24,19.252575922599597
Fin
Foto,0
11,32,24,34,22,14.682014645108099
20,64,0,65,0,17.065907733411144
27,64,168,66,166,19.129794525226938
35,96,120,98,119,18.495783717431557
44,128,96,126,94,18.781174801423887
54,160,96,162,95,19.873599066913037
58,160,192,158,191,17.69526869913026
81,256,24,258,25,19.92137324304141
88,256,192,254,192,15.945385075392696
Fin
Foto,0
30,96,0,94,1,15.092865100153311
53,160,72,158,70,19.968908012490342
55,160,120,158,122,18.948960060601188
68,192,192,193,190,18.21866080123573
Fin
Foto,0
0,0,0,2,1,18.67664624281008
Fin
Foto,0
Fin
