Foto,1
11,0,132,0,130,24.102248881645988
12,0,144,0,142,28.72280327188504
20,16,0,18,0,27.44748646582842
23,16,36,16,34,29.056403358251135
32,16,144,14,142,10.951316874634575
33,16,156,14,154,16.995841501191848
34,16,168,15,166,16.234044138553333
52,32,144,30,142,20.367676259476077
53,32,156,30,154,20.2589770309855
54,32,168,30,166,21.542563856017342
55,32,180,30,178,19.32275378250455
80,64,0,66,1,28.696758263520188
83,64,36,64,38,29.47536793381465
92,64,144,65,144,29.862467183884846
103,80,36,80,38,23.565393744226554
105,80,60,79,58,20.140597859899366
151,112,132,114,132,29.575833382947092
164,128,48,126,48,24.486417113327782
172,128,144,126,145,28.850560626768473
200,160,0,161,0,20.856981716000142
202,160,24,161,22,27.652665054045848
203,160,36,162,35,28.198630023745217
305,240,60,238,58,14.401474834417673
342,272,24,273,26,28.128306111543782
344,272,48,271,46,25.033879950589444
Fin
Foto,2
11,0,132,0,130,24.102248881645988
12,0,144,0,142,28.72280327188504
32,16,144,14,142,10.951316874634575
33,16,156,14,154,17.833417528170738
42,32,24,32,26,25.98359160831044
45,32,60,31,59,14.267098870325455
52,32,144,30,142,24.485853580740155
53,32,156,30,154,19.567772751925716
54,32,168,30,166,18.125403471518418
55,32,180,31,178,11.393593021081054
60,48,0,50,0,23.402439032687454
163,128,36,126,35,26.593517952098335
221,176,12,174,10,29.336577825235963
322,256,24,258,26,22.263827325435805
Fin
Foto,4
6,0,72,0,70,8.08384485270074
7,0,84,0,82,15.0
8,0,96,0,94,12.247425353739052
9,0,108,0,106,19.36490195677247
10,0,120,0,118,12.28822110483138
14,0,168,0,167,24.34715440317334
27,16,84,14,82,10.606601717798213
29,16,108,14,106,14.358932178139344
30,16,120,14,118,11.456389291169376
31,16,132,15,130,17.566152386868854
39,16,228,16,226,25.75855842525378
42,32,24,31,22,20.142432267467715
45,32,60,31,61,19.933115041423974
56,32,192,32,192,29.037227304429784
68,48,96,48,95,22.491076368395948
73,48,156,46,154,24.183659065820486
98,64,216,66,217,24.74650807450431
109,80,108,78,106,23.136915779324497
113,80,156,80,157,29.851527956052742
114,80,168,80,169,29.407018702636385
118,80,216,81,214,22.097418899328638
122,96,24,97,22,27.836207787623486
133,96,156,96,158,29.626377990774785
147,112,84,112,85,17.928349171833517
153,112,156,110,154,21.136855384074504
155,112,180,110,181,17.84790413548385
156,112,192,114,191,28.128818136843563
166,128,72,129,71,29.350179441619275
174,128,168,130,169,28.253749990986925
175,128,180,128,178,28.20215973242958
187,144,84,142,86,29.441087212674155
189,144,108,143,108,17.904863841241163
190,144,120,145,120,26.928118512579005
194,144,168,146,166,21.183468521468335
196,144,192,143,194,28.421254691619147
207,160,84,158,82,29.72383986390699
208,160,96,159,96,24.222769269240253
209,160,108,159,106,15.557120821463002
210,160,120,159,118,23.15593106882408
211,160,132,158,130,18.709961434825647
212,160,144,158,142,16.234051027088245
214,160,168,162,167,25.38266766459424
218,160,216,162,217,29.2185255413387
227,176,84,174,83,23.157027689781657
230,176,120,174,118,23.783059691721302
233,176,156,174,155,23.08313748569416
234,176,168,177,167,29.240332346967428
235,176,180,175,181,24.5077433513354
236,176,192,174,194,28.73003848301293
247,192,84,192,83,26.3904880578742
251,192,132,190,130,21.57283543228707
252,192,144,190,142,25.842727574618127
275,208,180,206,180,28.710250465621243
292,224,144,223,145,24.26393012373934
348,272,96,271,94,23.628822705778767
356,272,192,274,194,23.055362713422532
378,288,216,286,217,29.175867766012967
383,304,36,302,36,28.208043144235244
385,304,60,304,61,29.933398776443376
396,304,192,303,194,29.235960176584594
Fin
Foto,5
6,0,72,0,70,8.08384485270074
7,0,84,0,82,21.213203435596427
8,0,96,0,94,21.213203435596427
9,0,108,0,106,22.59165891750369
14,0,168,0,166,27.915548431587332
27,16,84,14,82,10.606601717798213
28,16,96,14,94,16.51180559351683
29,16,108,14,106,15.26827383188699
30,16,120,14,118,7.846838158906992
31,16,132,17,130,0.0
35,16,180,16,178,28.782434907399164
62,48,24,49,22,29.02472757276856
82,64,24,66,22,16.7896905099801
91,64,132,66,130,26.615060939873274
109,80,108,78,106,28.585934099337425
122,96,24,98,25,28.36510177890887
144,112,48,110,47,29.888275806913008
166,128,72,126,73,26.84675578482679
187,144,84,142,84,29.734810062453818
189,144,108,142,107,13.56524355626796
197,144,204,145,202,29.874095434872125
198,144,216,143,214,28.34022397287149
209,160,108,160,106,21.57617215943622
214,160,168,158,166,21.00483753249934
217,160,204,160,206,29.482231896256927
226,176,72,175,70,28.79982700887837
228,176,96,175,94,27.06154699060306
236,176,192,175,191,29.236252083745686
237,176,204,176,205,29.408918817521705
247,192,84,190,83,28.303647768828696
274,208,168,206,166,19.582352188519184
275,208,180,207,178,27.616615143500745
276,208,192,206,193,28.955828803418136
293,224,156,224,157,24.02069833666976
312,240,144,240,143,28.468591509398212
320,256,0,254,1,28.997630085841788
341,272,12,272,10,25.765919610932624
351,272,132,272,133,18.62265517290721
378,288,216,286,214,29.943090927414296
383,304,36,303,34,20.469033573385246
393,304,156,302,156,24.012511781752508
Fin
Foto,6
3,0,36,0,34,12.247425353739052
4,0,48,0,46,0.0
5,0,60,0,58,0.0
6,0,72,0,70,0.0
14,0,168,1,166,28.748247642490345
15,0,180,0,179,4.8584612064320645
25,16,60,14,58,11.147392233338707
26,16,72,14,70,21.21147657357554
27,16,84,14,82,20.81920865635782
28,16,96,14,94,16.052990884540616
29,16,108,14,106,12.580400824468644
37,16,204,16,202,29.072515248722052
39,16,228,15,226,29.463932129374918
62,48,24,46,22,28.27835402283973
64,48,48,47,46,27.719554686133506
67,48,84,48,85,28.336501982388718
85,64,60,62,58,28.045701658909703
86,64,72,62,70,16.82284896926309
87,64,84,64,82,4.330127018670148
95,64,180,66,178,27.04249420558218
103,80,36,78,34,21.30297148933025
105,80,60,78,58,25.364138439296966
114,80,168,82,167,28.109180799259907
115,80,180,81,180,27.294280305967334
133,96,156,94,156,27.787634883693983
134,96,168,98,166,29.932444547116983
135,96,180,97,179,29.461628164667314
136,96,192,98,190,29.18210666201226
153,112,156,112,156,27.75838758267507
155,112,180,112,178,27.999507117685233
156,112,192,113,190,29.298152904157774
166,128,72,129,70,23.9549820931775
168,128,96,128,95,29.283799373734247
182,144,24,146,23,28.615367152277326
186,144,72,142,71,25.619972636362405
187,144,84,142,84,22.666637453797183
196,144,192,142,192,26.643933249509573
208,160,96,158,95,29.873257411587964
213,160,156,158,154,25.65409851031419
214,160,168,160,166,16.278255911230964
216,160,192,159,192,28.000975503924394
217,160,204,162,202,29.832724922368463
218,160,216,159,215,28.192469018603266
226,176,72,175,72,16.227328985097408
234,176,168,176,168,20.595267863129525
235,176,180,177,180,27.909187144303335
236,176,192,174,193,20.594878386053818
237,176,204,176,202,28.531661674111007
238,176,216,174,214,28.007598782222367
239,176,228,177,226,14.895628060760668
252,192,144,190,142,17.600052384605263
254,192,168,192,167,21.804379448351064
255,192,180,192,179,28.046115812397346
256,192,192,190,191,29.671272695473576
272,208,144,207,144,27.460870066825155
273,208,156,209,154,26.172682924836952
274,208,168,210,169,18.71722026993577
275,208,180,206,180,22.235226240221998
276,208,192,209,190,29.07846961938698
292,224,144,226,143,26.90870588557111
343,272,36,272,35,29.971425099138862
356,272,192,270,190,26.97998790110838
369,288,108,286,107,26.393971695703364
378,288,216,287,214,26.78103852239346
392,304,144,304,143,23.076469246068893
397,304,204,302,202,26.035049440291964
Fin
Foto,7
3,0,36,0,34,12.247425353739052
4,0,48,0,46,4.841170085362645
23,16,36,14,34,13.620306087153956
24,16,48,14,46,12.11976312431636
25,16,60,14,58,15.98110073845663
26,16,72,14,70,19.912201605048516
27,16,84,14,82,17.09923504189018
28,16,96,14,94,17.70097310551812
85,64,60,62,60,29.83595839004004
95,64,180,64,178,29.612546928601308
105,80,60,78,58,19.7886331151347
114,80,168,82,167,29.36177887939873
115,80,180,82,180,29.199633029717916
119,80,228,78,227,26.436441097555388
133,96,156,95,158,27.365578633885434
135,96,180,98,178,29.874124521279395
155,112,180,114,180,28.185810815631697
156,112,192,111,193,27.93398265850317
157,112,204,111,203,19.28229104547073
167,128,84,126,82,29.96588573631658
186,144,72,143,72,14.288706392490607
187,144,84,146,82,29.43548781164361
197,144,204,146,203,29.50241164400201
198,144,216,143,215,20.189595449468204
213,160,156,160,155,26.509235403679476
217,160,204,161,202,28.866884676881597
218,160,216,160,214,29.63270447641795
230,176,120,174,119,29.15288396683783
234,176,168,177,167,13.81262420982468
235,176,180,177,181,26.589578134697543
237,176,204,174,202,29.48882105193748
252,192,144,194,142,19.68484554977765
254,192,168,192,167,23.45686280600632
255,192,180,191,180,28.702215955832017
256,192,192,190,192,27.052099810085952
257,192,204,190,202,25.954364614793416
272,208,144,207,142,24.38611686305599
274,208,168,208,169,26.09678324171106
275,208,180,206,182,24.902399212296725
276,208,192,209,192,29.302729231808335
293,224,156,224,154,29.08037247833608
Fin
Foto,8
20,16,0,14,0,7.193990051398482
21,16,12,14,10,19.791703588051647
22,16,24,17,22,7.231105857984428
23,16,36,14,34,11.593423265490905
24,16,48,14,46,19.021289099236288
25,16,60,14,58,21.837902339934317
26,16,72,15,70,16.43827411324571
27,16,84,14,82,14.220907543992258
35,16,180,15,181,25.907942689715323
47,32,84,31,82,11.539411837359932
49,32,108,30,108,23.468607157942717
65,48,60,49,62,24.311966563508687
77,48,204,48,204,25.823191575213755
82,64,24,63,22,10.32993980465655
98,64,216,63,217,28.39102801905712
100,80,0,80,0,3.6798917223715844
103,80,36,78,34,0.0
104,80,48,78,46,0.0
122,96,24,96,22,12.872680806966512
124,96,48,98,47,0.0
133,96,156,95,157,18.538191491785422
134,96,168,97,168,29.79723373238822
136,96,192,97,190,28.78070840240828
160,128,0,126,0,16.446810716160773
164,128,48,128,46,23.09803668279497
166,128,72,127,70,29.368432350954777
167,128,84,126,83,25.923541904043617
168,128,96,128,97,29.238041191128616
175,128,180,127,179,21.03253134929261
176,128,192,126,191,22.117786917260275
177,128,204,126,202,23.88268106981068
181,144,12,142,10,20.159397365506848
186,144,72,142,71,13.95024843103332
188,144,96,144,94,24.709074030408715
189,144,108,142,106,28.826063702257176
193,144,156,142,158,22.967533043233797
228,176,96,178,95,22.785827316010607
229,176,108,176,108,19.26366762896068
235,176,180,177,180,22.22616469251003
236,176,192,174,190,29.532925759804023
243,192,36,192,35,27.991532335288905
255,192,180,190,178,27.66109287068078
260,208,0,206,0,23.42213615637018
273,208,156,208,154,27.379134395275194
274,208,168,207,166,29.507156185317143
275,208,180,210,178,26.80313255351505
278,208,216,208,216,29.020749262236613
303,240,36,240,34,29.814061594454174
330,256,120,258,121,27.197433522989574
350,272,120,272,122,28.536696610688296
356,272,192,274,191,27.41061123501924
Fin
Foto,9
21,16,12,16,10,0.7217318834727295
22,16,24,14,22,21.94249341592898
23,16,36,14,34,17.128343069804174
24,16,48,14,46,16.93027961403228
25,16,60,14,58,19.95925627310215
26,16,72,17,70,16.612798571068307
43,32,36,31,38,26.53644182573713
59,32,228,32,228,28.950064207782617
64,48,48,48,46,27.973433903022716
80,64,0,63,0,29.21740593964978
100,80,0,80,0,2.886729321699181
103,80,36,78,34,0.0
168,128,96,126,96,21.97053751294486
174,128,168,130,169,28.490735951342614
188,144,96,143,94,20.265931140497166
189,144,108,144,107,21.318580466485443
204,160,48,160,47,28.876481898677547
210,160,120,158,118,24.47823148649077
214,160,168,158,166,26.37531601503296
220,176,0,178,0,26.071898910682734
221,176,12,175,11,21.550625785778422
229,176,108,174,110,23.949526426905376
281,224,12,222,14,27.657915938120972
290,224,120,226,122,29.395518157410212
301,240,12,239,10,28.428387429018333
335,256,180,258,180,23.535838311972206
Fin
Foto,10
41,32,12,30,10,14.01756855474403
50,32,120,31,120,29.807985790622222
63,48,36,46,38,13.786968099126975
113,80,156,81,155,22.632484124236427
115,80,180,81,178,28.286490677987587
134,96,168,97,169,24.831647944913268
136,96,192,94,190,26.845239737110326
147,112,84,113,82,27.05839689426731
150,112,120,110,119,16.839071273547045
152,112,144,110,142,22.117524050511754
153,112,156,110,156,24.301055453950173
166,128,72,129,70,24.55072116477842
167,128,84,126,83,29.616063164070102
170,128,120,126,122,22.215280960970112
171,128,132,126,130,26.386187245071888
172,128,144,129,142,28.705332091275473
175,128,180,127,179,28.94150427146865
176,128,192,127,191,29.4870362208432
196,144,192,142,190,17.37559357519241
210,160,120,162,118,26.43871042786865
213,160,156,161,154,26.063036085685077
215,160,180,162,179,27.179118680617414
226,176,72,174,71,15.9131484823614
235,176,180,177,182,20.83177754395156
249,192,108,190,108,29.994959056091297
255,192,180,191,181,29.4385194444996
256,192,192,193,190,29.41886099514706
259,192,228,193,228,24.06444053773047
277,208,204,209,202,26.801063082421233
295,224,180,224,180,28.63800707854289
362,288,24,290,25,24.93892276079705
385,304,60,303,60,24.791390559257355
Fin
Foto,11
41,32,12,31,10,12.963435246901456
87,64,84,62,86,21.17337437952209
95,64,180,62,178,28.89444706859811
106,80,72,78,70,25.078795610889053
113,80,156,82,155,20.103914559588162
115,80,180,80,178,26.654925279824624
132,96,144,96,145,28.91732628510092
135,96,180,94,181,17.548006013006624
136,96,192,98,191,27.968664421337543
147,112,84,114,82,25.66920413433141
166,128,72,128,70,28.201907731398848
167,128,84,129,83,28.92124661176222
172,128,144,126,143,13.783208848011546
173,128,156,126,154,22.698565053685265
176,128,192,129,191,29.945911834276863
186,144,72,142,71,20.896772102145285
187,144,84,143,82,29.440058153384754
191,144,132,142,131,19.84360613039344
207,160,84,162,82,20.18678219316824
210,160,120,159,119,26.850358276550356
211,160,132,158,131,27.702367346255265
214,160,168,162,168,23.819148053153427
218,160,216,158,214,20.63035969519352
236,176,192,176,193,15.597814478534438
237,176,204,174,203,24.898489489016427
238,176,216,174,214,27.794216501779935
247,192,84,191,83,28.51701779996963
253,192,156,190,156,16.643174757473297
254,192,168,194,167,27.34545080404553
255,192,180,190,178,25.09357345401437
256,192,192,190,190,23.971336650099854
258,192,216,190,216,27.556864747933673
274,208,168,210,167,25.723348724641024
275,208,180,206,179,28.493651573474253
283,224,36,224,35,27.281989795500618
294,224,168,223,170,21.869330408123155
385,304,60,304,59,28.48171306030355
Fin
Foto,12
9,0,108,1,107,28.028282493962383
13,0,156,2,157,26.865516211856043
17,0,204,1,206,29.130680861297623
22,16,24,16,23,29.239891319245604
27,16,84,18,84,29.526229778173246
36,16,192,15,190,24.83956144043764
40,32,0,30,1,6.5513028719038235
41,32,12,34,10,9.864966123514062
52,32,144,34,142,10.667102529320655
72,48,144,50,143,22.890575263166166
82,64,24,66,22,28.09031019310302
115,80,180,80,179,29.788755871873335
116,80,192,78,191,27.81304654197221
124,96,48,96,46,28.67043267496622
132,96,144,97,145,28.88834186290662
135,96,180,98,178,28.13869018724022
147,112,84,113,83,28.391840999413745
148,112,96,110,98,28.63636061877223
154,112,168,111,169,27.207774262150433
156,112,192,113,190,29.62514367965628
158,112,216,111,216,24.115179560870526
166,128,72,129,71,29.79148784346652
167,128,84,127,83,28.37003462360712
170,128,120,126,122,23.158807257191356
172,128,144,126,142,12.08275279071797
175,128,180,128,180,20.433240528197633
181,144,12,142,10,29.937586586634062
186,144,72,142,71,23.349970959384603
187,144,84,145,83,29.943165019009015
188,144,96,144,94,29.633187126685726
191,144,132,142,131,8.73583075783234
196,144,192,142,192,29.12145954444009
201,160,12,162,12,24.314878517515996
206,160,72,158,70,27.96626789285846
207,160,84,161,83,28.884572424593262
210,160,120,158,118,20.038100287410174
211,160,132,158,131,26.048544161288557
213,160,156,158,155,27.074373155159257
220,176,0,178,1,22.065947885408598
227,176,84,177,82,27.59449079744872
228,176,96,177,94,28.668848871773648
242,192,24,193,26,27.628780607155832
246,192,72,190,70,26.868613372017354
252,192,144,191,142,27.125800200170723
256,192,192,190,190,23.417511242392862
257,192,204,194,202,21.825282538700684
271,208,132,210,132,20.269769728459544
272,208,144,207,143,29.211215629944476
273,208,156,206,156,21.994302934070316
276,208,192,208,190,27.53421306946105
294,224,168,224,168,26.012377722387157
307,240,84,241,86,22.590902817284125
334,256,168,255,169,29.698408667265355
348,272,96,270,94,16.23794389790791
375,288,180,290,181,28.649947493526913
Fin
Foto,13
5,0,60,0,58,24.138226413939563
24,16,48,17,46,28.82377155618295
36,16,192,16,190,29.098065214896142
56,32,192,31,190,27.04486611766331
74,48,168,49,167,22.582162032635026
76,48,192,46,191,25.463400853739408
103,80,36,78,37,25.25083229775136
105,80,60,81,59,19.464111778258562
115,80,180,82,181,27.49226067283578
118,80,216,78,217,29.208770048372806
135,96,180,97,179,29.835305549281784
136,96,192,94,192,26.34740735530898
147,112,84,113,83,29.745676217118113
166,128,72,127,71,29.879330219236245
167,128,84,126,84,26.970927600956372
175,128,180,126,180,27.219878547046797
186,144,72,142,71,24.599062152434467
187,144,84,146,83,28.44884074904514
188,144,96,142,95,27.433396480777933
194,144,168,145,169,29.055013776241005
206,160,72,158,72,26.44830590988221
209,160,108,158,107,7.482311511385862
210,160,120,158,122,17.89571496665402
214,160,168,158,167,11.758767378418739
226,176,72,175,70,20.894274995383295
227,176,84,175,83,25.714615373060358
229,176,108,174,109,16.673542497143615
255,192,180,194,181,27.693485567635825
271,208,132,209,132,21.483408318636037
272,208,144,206,144,25.24509360896758
273,208,156,208,157,23.483459081115786
275,208,180,207,178,25.243212692760068
286,224,72,223,74,26.6637993809335
292,224,144,222,143,29.28620174829181
322,256,24,258,26,26.990882380312506
326,256,72,258,74,15.472054051606424
328,256,96,256,94,27.50583831088384
347,272,84,270,82,28.959381326844653
359,272,228,273,228,22.04743762600707
Fin
Foto,14
23,16,36,14,34,24.854200381723874
33,16,156,14,154,19.695567776308998
34,16,168,14,166,20.547312736470186
35,16,180,14,178,23.983019705923994
48,32,96,30,94,22.353278156444407
49,32,108,32,109,9.185432502873356
50,32,120,30,118,11.891991091773333
51,32,132,30,130,15.850202764216322
57,32,204,33,202,27.646064812394915
68,48,96,50,97,21.910855431472996
69,48,108,47,106,14.197270864493534
80,64,0,62,0,24.579107389149996
90,64,120,65,121,25.568152635293657
102,80,24,81,22,29.829191134489477
121,96,12,94,11,29.6239527053719
132,96,144,97,144,27.641637475611788
140,112,0,110,0,23.80742569261516
141,112,12,110,10,15.885327783039973
151,112,132,112,131,14.831108439572592
152,112,144,113,142,17.94965586947481
153,112,156,112,157,29.3663435095879
171,128,132,126,132,26.06601744374013
172,128,144,126,142,26.804378954989954
173,128,156,126,154,27.028494367099334
174,128,168,129,169,16.734530166418544
183,144,36,146,35,17.922773626946984
193,144,156,142,154,24.758951394686125
195,144,180,146,181,11.606695798688477
209,160,108,158,106,28.56214854286152
212,160,144,159,142,22.24452931308186
213,160,156,158,156,22.320598733763624
230,176,120,174,118,27.21250965445524
233,176,156,174,154,22.19203054804156
266,208,72,206,73,20.72367037901769
269,208,108,210,106,26.928036681975986
285,224,60,226,60,26.767158758550323
308,240,96,238,94,12.89194638641305
322,256,24,257,22,25.65537429757899
327,256,84,254,82,26.702336273680004
331,256,132,255,130,29.67072157603151
348,272,96,274,94,10.462652973451663
357,272,204,272,204,27.11826632417701
362,288,24,290,24,12.146761277570556
363,288,36,287,34,28.25254622296741
368,288,96,286,94,19.82802384073116
381,304,12,302,10,20.137573159706456
383,304,36,302,34,19.299630205293155
384,304,48,302,46,28.508706512235822
391,304,132,302,132,13.288615034007165
Fin
Foto,15
14,0,168,0,169,27.45737552293449
22,16,24,17,22,25.067277076539263
48,32,96,30,94,23.43214052505223
49,32,108,30,106,14.392056353219298
50,32,120,30,118,14.427864492984925
51,32,132,30,130,15.797179489189618
67,48,84,50,84,26.004997074954286
116,80,192,81,191,29.16997807690468
140,112,0,112,0,24.46329205671969
141,112,12,111,10,16.10920746221309
149,112,108,114,107,18.362151671087645
150,112,120,113,118,17.403701319329684
151,112,132,114,130,19.101647660648666
165,128,60,126,62,23.285750326367385
173,128,156,126,154,26.51961059735093
195,144,180,142,181,24.77452299406363
200,160,0,159,2,29.007398647490703
308,240,96,238,94,27.4903674836521
320,256,0,258,0,28.330793064748725
327,256,84,257,85,18.747670625230363
331,256,132,257,133,29.1982506292254
342,272,24,270,24,23.584114615624365
363,288,36,290,34,28.859733687172987
378,288,216,290,214,24.46095548193782
Fin
Foto,16
2,0,24,2,22,28.597225063476934
21,16,12,16,12,17.80401889778501
28,16,96,16,98,20.829886534397563
30,16,120,16,119,9.871914167565372
31,16,132,14,130,13.938441915629324
32,16,144,14,142,18.09897120591585
33,16,156,14,154,19.604194778678785
34,16,168,15,166,12.716071680652732
35,16,180,14,178,12.920669651540635
42,32,24,32,23,27.80830367744865
43,32,36,34,34,25.191381287150666
44,32,48,31,46,9.19161444039677
45,32,60,32,58,6.404318778826129
50,32,120,30,118,10.824278294630075
51,32,132,30,130,17.581921654035526
65,48,60,50,60,26.185325149365724
93,64,156,66,154,28.200038451092944
97,64,204,64,204,27.822808623504915
107,80,84,82,83,24.6821248664506
113,80,156,82,154,16.17791510269756
136,96,192,94,190,19.243794041534784
149,112,108,114,106,25.531556186611112
167,128,84,126,82,24.26506187983167
170,128,120,126,122,19.926904984099476
171,128,132,126,133,13.433453050709879
172,128,144,126,144,17.853570328611678
183,144,36,146,38,29.89055889321392
186,144,72,142,70,19.050388209228156
187,144,84,142,82,15.430112258580952
189,144,108,142,108,16.34253635052075
190,144,120,143,121,8.020050786108207
191,144,132,142,132,13.73238090079399
193,144,156,142,154,16.617639663258007
195,144,180,142,180,29.206019543837243
196,144,192,143,191,26.54749577066238
198,144,216,142,216,27.698443136247622
201,160,12,161,14,28.2378720928044
213,160,156,158,154,27.836300480436165
223,176,36,174,38,28.790875360359124
227,176,84,174,82,19.2531922963711
229,176,108,176,108,20.268572342769268
231,176,132,174,131,23.070410305508844
232,176,144,174,142,20.480570848194716
233,176,156,174,154,25.021408146596976
248,192,96,194,96,27.977114685062165
250,192,120,191,118,26.22642032926162
252,192,144,194,143,29.688316225538518
255,192,180,190,179,17.09644664785791
294,224,168,225,167,19.6360053237967
348,272,96,272,94,15.22766424843661
360,288,0,286,0,24.403054328922956
366,288,72,286,70,29.333306601004093
384,304,48,304,48,1.4433976969709676
388,304,96,302,94,28.095797906920815
389,304,108,302,106,28.644804053911677
Fin
Foto,17
0,0,0,0,0,21.26095917883233
2,0,24,0,22,27.656543179054243
32,16,144,14,142,19.49102578792835
33,16,156,14,154,19.662335860535833
34,16,168,14,166,17.62524245090239
44,32,48,33,46,7.551359109070448
47,32,84,32,82,2.0412258788235333
53,32,156,33,155,27.17672172794954
81,64,12,66,13,28.85698254900985
113,80,156,80,154,19.959856300186978
123,96,36,95,38,26.695688991192668
165,128,60,126,61,26.138603185600402
175,128,180,128,182,21.490086249282534
176,128,192,127,192,20.41202651991711
214,160,168,158,169,29.276396075396196
229,176,108,174,109,12.59671243108926
230,176,120,175,122,17.383693649516417
232,176,144,174,144,20.22852948564967
234,176,168,174,167,29.747744680040206
249,192,108,190,107,16.11019075887864
316,240,192,238,190,23.5637048047155
317,240,204,238,202,24.076651129588708
393,304,156,304,158,24.43428741649061
Fin
Foto,18
4,0,48,0,46,17.56164337920513
5,0,60,0,58,12.247425353739052
6,0,72,0,70,20.20723739738795
10,0,120,0,122,16.160762678958577
11,0,132,0,130,20.222117678147388
25,16,60,14,59,23.284689917073923
32,16,144,14,142,11.254432287661519
41,32,12,30,10,20.547639849592958
42,32,24,31,22,23.77527254026178
47,32,84,32,82,0.0
50,32,120,32,120,0.0
57,32,204,32,203,24.00291152952288
62,48,24,49,26,24.93999214220456
64,48,48,48,46,3.484623575794501
65,48,60,46,58,20.997011189280578
66,48,72,50,70,12.046306349994573
67,48,84,48,82,7.394598737369636
70,48,120,46,121,28.678838046740005
113,80,156,81,154,19.8279770665456
136,96,192,97,190,29.204300985013198
141,112,12,114,10,29.410840502292107
167,128,84,126,82,18.00986076725649
168,128,96,126,94,15.653505967092741
169,128,108,130,109,19.556262308610815
172,128,144,129,142,17.681966239427197
186,144,72,142,70,25.74555474687749
194,144,168,142,166,22.403547825308785
207,160,84,158,82,26.637593243930453
212,160,144,158,142,25.59996940571407
213,160,156,158,154,21.564770756293015
223,176,36,178,38,29.4470365693949
228,176,96,178,94,11.659137692028976
229,176,108,174,106,18.786801335358764
230,176,120,174,118,26.45323682933278
274,208,168,209,167,26.122441165192285
344,272,48,274,50,26.033467041601696
369,288,108,286,106,24.990378839858323
381,304,12,302,10,14.366972491428927
Fin
Foto,19
4,0,48,0,46,24.67565926967026
5,0,60,0,58,24.49488574775172
8,0,96,1,96,21.353453162872775
10,0,120,0,118,19.138853328480018
41,32,12,31,10,16.763820084999875
49,32,108,33,106,7.4117107662810655
56,32,192,31,190,29.89463035595719
61,48,12,49,11,28.620157320798675
64,48,48,48,46,3.484623575794501
65,48,60,46,58,19.736968264453296
180,144,0,146,2,23.074955188500734
303,240,36,238,36,26.759851122386774
329,256,108,256,110,27.87284642172117
356,272,192,274,192,29.568885454054097
365,288,60,290,58,28.077312760866143
Fin
Foto,20
0,0,0,0,0,17.320475039409867
2,0,24,0,22,0.0
3,0,36,0,34,0.0
18,0,216,0,217,24.715153300437006
42,32,24,32,22,0.0
46,32,72,31,73,29.543011263570243
61,48,12,46,10,21.822207900658768
86,64,72,62,74,22.153869292022858
87,64,84,66,82,27.50378571267193
114,80,168,82,166,26.66414394383802
115,80,180,81,180,29.139996621293342
130,96,120,94,120,22.662491356273357
132,96,144,94,145,23.716139025165496
134,96,168,97,166,28.07934891461578
135,96,180,97,179,28.78058058123863
146,112,72,110,73,24.50076540260346
147,112,84,110,82,28.610810949239188
155,112,180,113,179,29.25901897131429
166,128,72,128,72,27.306575861408522
173,128,156,130,154,28.845468143829475
176,128,192,126,193,15.9389905147032
189,144,108,146,109,28.618958787450733
190,144,120,144,118,18.905792113618563
191,144,132,142,130,21.264498865630816
192,144,144,142,142,21.758883453340285
193,144,156,146,154,26.804337771944766
194,144,168,143,166,23.257853299127266
196,144,192,146,193,24.42101161832587
197,144,204,143,206,29.38092995367775
198,144,216,145,216,26.694120167067812
205,160,60,158,60,29.855434023832697
206,160,72,160,72,29.96604384017629
207,160,84,158,85,23.767736591952236
208,160,96,158,97,27.05630418716407
209,160,108,158,106,27.947370343829647
217,160,204,161,206,29.35384691345704
226,176,72,174,72,23.61892954626436
227,176,84,174,85,27.35487975251995
232,176,144,174,143,28.651454404086824
235,176,180,177,180,26.683808937478837
247,192,84,193,83,29.86996724845057
248,192,96,190,96,29.152363895085408
274,208,168,209,167,27.532040409850154
276,208,192,206,194,28.174912476151455
285,224,60,223,59,26.593470056650116
299,224,228,226,227,28.12990117350669
323,256,36,256,34,21.24116223878309
328,256,96,255,97,22.2040811289618
346,272,72,274,73,29.18327239066705
381,304,12,304,11,27.297613392316418
Fin
Foto,21
0,0,0,0,0,24.49488574775172
2,0,24,0,22,0.0
20,16,0,14,0,25.417470664003456
24,16,48,14,50,10.509810792498438
42,32,24,30,24,6.969237475922609
43,32,36,30,34,11.54701639586973
67,48,84,50,83,26.403259179056413
72,48,144,50,145,22.430760525949385
95,64,180,66,180,29.79352891043422
108,80,96,78,95,22.291840186756477
113,80,156,82,155,28.619248852096582
114,80,168,81,168,29.94692958058545
115,80,180,81,181,29.396701962919742
134,96,168,98,167,28.479839915035015
135,96,180,97,181,29.439850389107956
147,112,84,111,85,24.997639724225557
148,112,96,111,97,24.13402373443331
166,128,72,130,71,28.431637314574303
198,144,216,143,215,27.141052657299586
206,160,72,162,71,29.211033671090057
207,160,84,158,85,14.612023020753956
218,160,216,160,217,28.30942450488761
238,176,216,175,218,29.626071271631737
247,192,84,194,84,29.210913820171477
292,224,144,222,145,29.99281168722407
297,224,204,224,205,29.747551024694687
Fin
Foto,22
0,0,0,0,0,0.0
1,0,12,0,10,0.0
3,0,36,1,34,29.900239672839575
18,0,216,0,217,25.57486580807509
20,16,0,14,0,10.606601717798213
21,16,12,14,10,8.648888352077757
22,16,24,14,22,13.346326378273917
23,16,36,14,34,20.299379189722693
24,16,48,14,46,19.36389329115854
40,32,0,30,0,17.675878228864555
65,48,60,47,59,24.263604725025118
69,48,108,50,106,29.617350383759874
95,64,180,65,178,27.529198805998103
112,80,144,81,143,18.924579000050542
113,80,156,78,157,29.09233452416048
115,80,180,80,178,25.80731525407586
118,80,216,81,217,18.2072193065189
134,96,168,94,167,15.26960995790898
135,96,180,96,178,26.33458954431758
166,128,72,126,72,12.544092628532365
169,128,108,128,107,18.50070052172446
174,128,168,129,167,19.79384394395298
186,144,72,142,70,27.754176263426046
187,144,84,142,82,28.654587618092737
188,144,96,142,96,18.43844876486679
206,160,72,158,70,24.6410635145158
218,160,216,158,214,18.406244938727177
227,176,84,174,83,25.38808054271064
229,176,108,178,106,28.521666292198987
234,176,168,178,166,27.328878790323543
247,192,84,194,82,22.833123951776997
249,192,108,192,107,23.693339892070004
251,192,132,190,130,19.57359718535937
252,192,144,190,142,22.338316057432735
258,192,216,190,214,19.444613491106594
272,208,144,207,146,24.4823036022672
292,224,144,222,142,19.180440297824482
341,272,12,274,14,28.19884319983688
346,272,72,270,70,29.421197087292434
354,272,168,270,166,21.570797429505788
375,288,180,288,180,26.240181877291306
399,304,228,302,226,27.46851728635435
Fin
Foto,23
0,0,0,0,0,0.0
1,0,12,0,10,0.0
3,0,36,2,34,29.900239672839575
4,0,48,2,46,27.73887142224956
20,16,0,14,0,10.606601717798213
21,16,12,14,10,8.648888352077757
22,16,24,14,22,13.346326378273917
23,16,36,14,34,25.591167396527716
40,32,0,30,0,22.925809632939263
46,32,72,34,70,29.747866148700083
47,32,84,32,82,3.8843129405991803
75,48,180,48,180,26.350190397135414
76,48,192,47,191,27.461922479492202
85,64,60,64,61,25.21892878193292
95,64,180,66,178,29.606211909379127
115,80,180,80,178,29.275139918968243
135,96,180,94,178,29.403325568231907
136,96,192,95,192,18.498111505025822
166,128,72,127,71,23.820466936224708
168,128,96,128,94,26.833081620030875
186,144,72,142,73,27.09095734601692
189,144,108,146,106,29.520280737014765
205,160,60,158,61,16.162600459992756
206,160,72,159,71,29.669785506502286
207,160,84,158,85,27.96924102686102
211,160,132,158,130,16.592795469707635
212,160,144,159,142,18.910904026278974
213,160,156,158,156,21.32310740959452
232,176,144,174,142,23.656198957931327
233,176,156,174,154,18.209385844449656
248,192,96,190,94,25.506980553468047
249,192,108,192,106,28.859449285553737
251,192,132,190,130,28.823846455882144
252,192,144,190,142,28.817975230101894
292,224,144,224,142,19.242739312365252
357,272,204,273,202,26.350869076591948
385,304,60,304,58,17.350526612271054
Fin
Foto,24
4,0,48,0,49,27.383132710229354
9,0,108,0,106,8.614238630328089
10,0,120,0,118,19.54394559589057
20,16,0,14,0,10.606601717798213
23,16,36,17,34,7.864277166044383
33,16,156,14,156,28.908158142420852
40,32,0,32,0,27.24133696811309
45,32,60,34,60,11.158462451641638
49,32,108,30,106,14.047192358773016
50,32,120,30,118,7.863782458462785
51,32,132,30,130,1.7677669529663689
53,32,156,30,156,28.312331832240236
62,48,24,46,22,20.748798634600565
83,64,36,62,34,25.96033367291662
88,64,96,62,94,28.31281614367316
91,64,132,64,134,20.468753204923203
93,64,156,66,154,28.621973795314737
94,64,168,63,169,22.218019900487903
113,80,156,81,157,15.801475138365198
115,80,180,82,178,29.964917961418564
117,80,204,82,205,28.430713499986506
135,96,180,96,178,27.647892677988356
147,112,84,111,82,14.20500703199314
148,112,96,111,98,25.329301487454288
152,112,144,110,146,22.49875581482009
153,112,156,110,156,26.352193530256187
169,128,108,126,109,20.245389190724275
173,128,156,129,158,11.692646609108778
180,144,0,146,2,26.589227641865868
181,144,12,146,10,16.831376108155084
188,144,96,144,95,28.531461427689795
189,144,108,144,106,25.691724829923842
209,160,108,158,108,16.80354970877412
210,160,120,162,118,29.57512678306374
221,176,12,177,10,28.255674876501672
229,176,108,176,106,7.731574847619607
237,176,204,175,202,24.503331248901453
239,176,228,177,228,25.709839892186412
240,192,0,194,2,27.171990749837786
247,192,84,192,86,26.096112654317977
252,192,144,193,142,14.803912555714795
257,192,204,190,206,29.251901816070284
258,192,216,190,218,28.800483741057526
281,224,12,222,13,20.759005997377557
292,224,144,224,142,25.473802365946845
345,272,60,272,58,28.3711417069103
350,272,120,271,119,25.629140689904307
361,288,12,286,12,17.467122443638093
375,288,180,288,178,26.166283361428597
389,304,108,302,106,23.56569424323615
Fin
Foto,25
9,0,108,0,106,20.996316718004454
20,16,0,14,0,8.660287074028773
22,16,24,14,22,20.276001615697016
50,32,120,30,118,16.549376844682307
62,48,24,47,22,18.542483986429005
67,48,84,47,85,27.859809541753286
70,48,120,46,121,25.346601744761887
73,48,156,47,154,16.808350309384718
83,64,36,66,36,28.93944588285035
110,80,120,81,122,29.250674508155072
115,80,180,81,178,27.508170382622392
136,96,192,97,190,29.38162511576692
141,112,12,110,14,26.128728613643595
156,112,192,110,190,29.93754126097155
166,128,72,130,72,19.93128308103252
185,144,60,144,59,25.01628765046188
187,144,84,142,85,27.145357532054312
188,144,96,146,97,28.26397109921743
193,144,156,142,155,21.46855079387
197,144,204,142,202,27.848356721212024
208,160,96,158,96,28.844185846344654
227,176,84,174,83,24.910949009031075
228,176,96,176,94,25.024015610179156
234,176,168,177,167,28.930000056490247
237,176,204,178,202,26.22129716978023
257,192,204,194,204,29.426364548598087
258,192,216,190,218,24.119436205953264
292,224,144,222,142,24.72333568119531
310,240,120,241,120,27.789632549394938
345,272,60,274,59,28.41497442626121
373,288,156,288,157,25.044185999790855
396,304,192,302,192,26.600177336517383
Fin
Foto,26
1,0,12,0,13,28.724918803360374
9,0,108,2,107,24.411676092628014
10,0,120,0,118,27.84092727542643
20,16,0,14,0,15.88729261659311
21,16,12,14,10,24.245653022760656
22,16,24,14,22,19.116342015385996
23,16,36,14,34,20.531378890290664
24,16,48,14,46,24.49488574775172
25,16,60,14,58,19.36490195677247
26,16,72,14,70,20.954427522529446
27,16,84,15,82,18.538963972931423
41,32,12,30,10,9.7447894041409
42,32,24,32,22,29.305577401978212
43,32,36,30,34,23.388831977382175
44,32,48,30,46,8.4709434271314
45,32,60,30,58,16.05257388742189
46,32,72,30,70,15.61203199546376
47,32,84,30,82,21.21147657357554
48,32,96,30,94,18.429481527778165
56,32,192,30,192,26.710682935940902
62,48,24,49,22,23.4695947041553
71,48,132,48,130,29.825214288842474
102,80,24,79,22,20.42523808617132
103,80,36,79,34,19.783246563108637
124,96,48,94,50,27.517802098619857
144,112,48,114,50,27.83110557088024
147,112,84,114,84,27.923354998529458
177,128,204,126,204,25.516231484665212
186,144,72,142,70,28.432010313820264
198,144,216,143,215,27.18249958459442
207,160,84,159,82,27.358477723374378
209,160,108,159,106,21.40104078738554
217,160,204,158,206,27.05987651617305
218,160,216,158,218,27.630805574879666
229,176,108,178,106,21.231838434337273
230,176,120,176,118,20.08008975027844
231,176,132,174,130,23.661000324985473
238,176,216,177,217,27.553028240510116
239,176,228,175,226,23.714460355980947
246,192,72,192,71,26.811395958796503
255,192,180,190,181,29.158653635437652
258,192,216,190,217,28.638428574364603
273,208,156,206,156,29.954085219063202
274,208,168,206,170,24.650631480296212
275,208,180,206,182,27.719102636694217
276,208,192,206,194,27.548652657675383
283,224,36,222,35,19.031147908075354
286,224,72,225,72,25.83103329811596
288,224,96,224,97,26.95267936281162
290,224,120,224,118,21.73418196347457
292,224,144,225,145,22.947219688694595
294,224,168,223,169,27.963977380199875
297,224,204,224,206,26.279450609612955
298,224,216,226,214,23.993857663238238
326,256,72,257,71,29.611658992663898
332,256,144,258,145,29.96927699121168
391,304,132,303,134,23.593430789399573
396,304,192,303,193,15.378442496879522
Fin
Foto,27
9,0,108,0,106,20.04289367636602
18,0,216,0,218,20.69901300136123
20,16,0,14,0,10.606601717798213
21,16,12,14,10,24.42687233039105
22,16,24,14,22,12.238430250738567
23,16,36,14,34,19.348728375311516
24,16,48,14,46,19.938104484603414
42,32,24,30,22,28.976961648336655
44,32,48,30,46,7.098062648353708
45,32,60,30,58,13.64433411848399
46,32,72,30,70,9.66779902713597
47,32,84,31,82,9.034635178993065
53,32,156,30,157,29.254023584886966
61,48,12,46,10,17.684326987150612
80,64,0,62,0,26.857643596391277
95,64,180,64,181,29.326507344831292
113,80,156,81,155,29.811556666920893
115,80,180,82,179,27.313951577365174
135,96,180,97,178,28.904750529045245
147,112,84,113,84,25.157407709123966
156,112,192,112,190,26.220721649155962
166,128,72,130,71,28.48549763550664
185,144,60,142,61,26.059262267732425
187,144,84,142,84,28.410423138652718
189,144,108,142,109,14.217203483638718
198,144,216,143,216,19.739248269990522
207,160,84,162,84,29.293440182516775
209,160,108,160,106,27.296258853715525
230,176,120,176,120,20.823139430958506
233,176,156,176,154,21.498381531547448
234,176,168,176,170,24.60538337018751
248,192,96,191,95,29.725217896910678
253,192,156,192,154,29.370532099071447
255,192,180,190,181,29.255552953251993
256,192,192,190,192,28.172774578048543
262,208,24,206,23,27.42044785035982
273,208,156,208,157,22.387854373511082
274,208,168,206,170,22.165587374711198
275,208,180,207,182,24.438385659276346
286,224,72,223,73,21.322423402656845
288,224,96,225,94,22.258788105227126
293,224,156,223,157,29.228721799469916
361,288,12,290,14,27.79736596273201
364,288,48,286,46,28.857091402666985
381,304,12,304,11,24.53595585605299
Fin
Foto,28
0,0,0,0,0,0.0
1,0,12,0,10,0.0
7,0,84,1,86,27.258829468793575
20,16,0,14,0,10.606601717798213
21,16,12,14,10,8.660187965097542
36,16,192,18,191,29.78127776993478
42,32,24,30,22,6.636762358009591
46,32,72,34,70,12.389762987101903
52,32,144,30,145,20.42357385040301
54,32,168,34,167,19.81141939534271
66,48,72,50,73,24.107682960377154
71,48,132,46,132,24.935329748033695
72,48,144,48,142,19.48807628619194
73,48,156,49,155,25.373065404954815
78,48,216,48,215,21.98811092899744
95,64,180,66,179,28.56339951667101
109,80,108,81,110,26.035256243212256
115,80,180,81,180,28.132695980705886
132,96,144,96,142,29.720095151492963
135,96,180,98,180,27.646500147675674
136,96,192,95,192,29.901715520401734
147,112,84,113,84,24.840091157983643
154,112,168,112,169,19.62586181684442
155,112,180,112,181,26.75517783153208
156,112,192,114,193,26.426670182214473
167,128,84,127,84,29.884845960536598
168,128,96,126,96,19.417953445904914
175,128,180,127,180,25.401854389842544
186,144,72,142,71,22.904864959024046
187,144,84,142,83,27.667811758562642
188,144,96,142,94,25.67430165222628
194,144,168,142,168,24.898426830993685
203,160,36,160,37,22.21337435803602
204,160,48,159,46,17.584641586139135
209,160,108,162,109,12.980080590306727
216,160,192,158,190,25.49496236798982
226,176,72,177,70,28.984931263119673
227,176,84,174,84,24.248543667359613
236,176,192,175,191,29.673253105097615
246,192,72,192,71,29.613994742483108
249,192,108,193,106,18.07801334255973
256,192,192,191,190,29.966668787629658
257,192,204,190,202,20.357419720815848
258,192,216,193,214,22.446485176639786
259,192,228,190,226,20.41496773095735
267,208,84,206,83,8.035875114016058
271,208,132,206,132,29.2886371691707
274,208,168,206,168,25.732044404499913
275,208,180,206,181,26.832414676818136
276,208,192,206,190,23.618959975995413
286,224,72,226,72,21.47388988630184
292,224,144,222,144,25.784670083413836
294,224,168,224,166,27.891146012857604
295,224,180,225,178,19.164143919978436
331,256,132,256,130,20.99023944717598
333,256,156,257,157,25.046101048144255
342,272,24,270,22,16.41458540526157
345,272,60,274,58,29.0285630647502
346,272,72,270,70,25.879713728926383
369,288,108,290,110,26.948553186600876
394,304,168,302,166,28.05627283659892
Fin
Foto,29
0,0,0,0,0,0.0
6,0,72,2,73,27.119703903437994
20,16,0,14,0,15.0
40,32,0,30,0,5.659113051360334
41,32,12,30,10,17.257532543252587
42,32,24,31,22,13.73223712288639
43,32,36,31,34,15.547320769536208
60,48,0,49,2,25.863679676397616
114,80,168,81,170,29.496633612469502
133,96,156,97,157,20.375020449681855
141,112,12,110,10,25.378602593915154
147,112,84,114,84,27.13633293313297
167,128,84,127,84,29.20464906505576
177,128,204,130,203,28.34494932429702
186,144,72,142,71,18.814370637842032
187,144,84,143,83,29.832106119593142
194,144,168,142,169,23.88082791663009
197,144,204,144,202,28.670212535037525
203,160,36,162,34,29.18846350905155
206,160,72,160,71,29.58311935623194
216,160,192,158,194,25.725712886748763
226,176,72,176,70,28.151137908462523
227,176,84,174,83,28.59980132103785
236,176,192,178,191,20.520344092356822
241,192,12,193,14,26.588956492622835
256,192,192,191,194,29.794379514021408
257,192,204,190,203,25.312370374610783
293,224,156,224,156,29.316843286834583
342,272,24,271,25,29.479852197119083
356,272,192,271,194,17.013794696407707
387,304,84,302,84,24.66341475006713
Fin
Foto,30
16,0,192,2,193,19.13317988162194
33,16,156,17,154,20.675969077868768
41,32,12,31,10,10.007815296346006
84,64,48,65,47,26.454080844000593
95,64,180,64,178,29.947274916369857
113,80,156,78,158,26.21810205417649
114,80,168,81,166,25.52049926880304
115,80,180,79,178,23.98280410781691
148,112,96,110,98,18.894589123636422
166,128,72,129,70,29.893821752986128
177,128,204,126,202,15.897934007793626
185,144,60,143,60,29.69434710793264
186,144,72,145,72,28.547272947608967
187,144,84,142,85,24.572119424384553
188,144,96,144,94,25.198664388662607
194,144,168,143,169,25.270030709559144
197,144,204,142,205,28.848248560095413
206,160,72,159,71,24.051147118619166
209,160,108,158,109,28.60766743058422
214,160,168,158,168,28.77265394334319
227,176,84,174,83,29.589127429335775
228,176,96,174,96,27.45663276918482
229,176,108,174,109,28.921198265382845
230,176,120,174,121,28.011271753426712
232,176,144,177,144,11.229390713078587
233,176,156,174,157,17.575455042734884
237,176,204,174,202,29.144637212890167
238,176,216,174,217,28.527491233409222
257,192,204,190,202,21.028627962334177
258,192,216,190,216,29.365549290650517
259,192,228,190,227,26.834080732034366
260,208,0,206,0,27.435013546435265
262,208,24,210,23,9.193565028307042
272,208,144,210,143,25.221625466845484
280,224,0,222,0,17.934075330955245
292,224,144,222,143,22.121962871210705
300,240,0,238,0,28.065518910195753
302,240,24,238,23,23.912115622905944
304,240,48,239,46,24.609758442309865
310,240,120,239,120,28.317569463779403
351,272,132,271,131,27.80242396888425
Fin
Foto,31
37,16,204,17,204,27.514012578162344
41,32,12,30,13,6.643729866027616
47,32,84,34,85,25.933147729303943
121,96,12,97,12,29.443613499697374
134,96,168,96,169,28.979377567784358
169,128,108,126,106,28.113795737119776
171,128,132,126,130,20.24703555351465
174,128,168,126,169,28.086398501087572
190,144,120,145,118,29.27697981218238
191,144,132,144,130,29.808280907108696
234,176,168,176,166,29.0324578103237
260,208,0,206,0,24.85977587083186
280,224,0,222,0,18.807158600566652
300,240,0,238,0,28.205454531414684
333,256,156,258,154,24.81258577334012
371,288,132,287,130,23.210229340987816
Fin
Foto,32
2,0,24,0,24,20.019824773455714
6,0,72,1,70,17.862625485915444
16,0,192,0,190,21.806750884897546
23,16,36,18,37,25.39056858100212
56,32,192,31,190,28.438069884322648
84,64,48,63,47,26.39757235560589
87,64,84,62,85,17.791231306480064
95,64,180,65,179,29.126552942679112
114,80,168,78,166,27.927108247231747
115,80,180,81,179,26.001642755101
117,80,204,78,205,27.217776271431802
132,96,144,98,143,27.017655033586774
133,96,156,98,155,29.85098581720589
135,96,180,94,180,25.238772483301783
141,112,12,111,10,14.156454324450456
168,128,96,130,94,29.815903400454697
177,128,204,130,202,28.02102897896768
182,144,24,143,22,16.01536302992197
186,144,72,142,70,24.683031406060728
187,144,84,142,84,29.58200985547899
198,144,216,146,217,28.20525219226578
227,176,84,178,83,24.86639755462022
230,176,120,177,122,8.84906990617211
256,192,192,194,190,24.45785785627816
259,192,228,193,227,27.291422632739515
270,208,120,209,120,22.550437203562616
272,208,144,207,143,27.55957999716435
274,208,168,206,166,24.651527899707332
276,208,192,207,190,22.24567209813589
280,224,0,225,0,0.0
292,224,144,226,145,28.967495621627208
293,224,156,222,156,27.446106627482656
294,224,168,223,170,28.417661509642215
300,240,0,238,0,0.0
312,240,144,240,143,28.924681829989083
313,240,156,241,154,27.495880265118295
315,240,180,239,182,25.022529275408537
320,256,0,256,0,1.7677669529663689
329,256,108,257,106,28.176921772114547
341,272,12,270,11,24.09355253636322
348,272,96,273,94,29.600137778673464
359,272,228,274,226,27.343882280378082
361,288,12,286,10,29.62908829032425
367,288,84,287,83,22.069285234449584
370,288,120,286,118,22.9822893093067
394,304,168,302,168,29.891945781141864
397,304,204,302,205,29.268440277070262
Fin
Foto,33
16,0,192,0,190,23.519352703786765
23,16,36,16,37,27.403103046944075
40,32,0,32,1,3.0618621784789726
53,32,156,34,154,28.933912718069294
75,48,180,48,178,24.357329076608032
95,64,180,64,178,20.5902771023732
97,64,204,66,202,25.02087702157285
104,80,48,79,47,17.516892898834175
115,80,180,78,181,15.719058234160212
165,128,60,129,61,23.766870556680004
168,128,96,129,94,29.799973628693927
177,128,204,126,202,21.412195372151793
186,144,72,145,70,23.657436824010283
187,144,84,142,83,27.604527399631557
194,144,168,142,170,19.62897604018461
207,160,84,158,82,24.662249933839668
227,176,84,174,82,28.821355857996878
228,176,96,176,95,29.920414070836063
229,176,108,174,109,16.11525724248994
259,192,228,193,226,18.868305555200017
263,208,36,207,34,26.552806294904837
293,224,156,224,154,22.885858732891926
294,224,168,225,166,26.153329020758726
306,240,72,241,72,29.09184652694963
337,256,204,254,204,26.572288181264785
341,272,12,273,13,27.029906861245166
372,288,144,288,144,29.287377131504382
378,288,216,290,218,21.55065827606064
Fin
Foto,34
9,0,108,0,106,22.045099919858657
29,16,108,18,107,23.10776031399373
30,16,120,15,118,27.746943346519775
35,16,180,16,182,26.322081327529553
38,16,216,14,216,27.214986443640022
49,32,108,32,107,28.498253536858922
64,48,48,48,50,29.730180063369218
82,64,24,64,25,25.228978905766866
87,64,84,63,84,26.225222309551537
91,64,132,64,130,28.481448601578965
95,64,180,63,178,28.810877876961385
97,64,204,63,204,26.911381857314623
99,64,228,62,227,27.71115261454257
102,80,24,79,22,27.531142247561316
114,80,168,80,167,11.35203948839737
115,80,180,78,179,28.793587513083846
164,128,48,127,46,27.62207954892127
166,128,72,126,71,18.034085320114922
167,128,84,127,82,28.822135687105433
168,128,96,129,94,23.40363941022366
172,128,144,126,142,25.255829367983562
173,128,156,128,154,17.401994185675733
186,144,72,142,70,24.246335136867092
187,144,84,142,82,28.972209740437126
192,144,144,142,142,27.009331676105294
193,144,156,142,154,21.754580538604152
194,144,168,142,168,18.819706357193443
198,144,216,142,215,23.11349987091254
203,160,36,160,34,27.737166259998105
221,176,12,174,10,25.603413555902392
224,176,48,177,47,25.27660822996042
227,176,84,175,82,25.31626096261776
231,176,132,174,130,23.176162098089357
232,176,144,174,142,18.46212484948761
233,176,156,174,155,19.312594888707483
238,176,216,174,214,18.041014112159335
239,176,228,178,228,29.75887963832544
242,192,24,192,24,28.74218296536104
243,192,36,192,35,24.692912126362412
248,192,96,193,94,26.08313389059513
250,192,120,190,118,28.501785605905052
252,192,144,190,142,19.313815751326672
253,192,156,190,155,13.058992549331098
257,192,204,192,202,9.115927019332089
259,192,228,190,226,25.749855067231067
262,208,24,207,24,29.703228909667683
265,208,60,206,61,26.573707507686244
273,208,156,210,154,23.437123597417422
274,208,168,210,166,27.706384087812754
283,224,36,225,35,28.587176497777378
293,224,156,222,154,21.48891549768588
324,256,48,257,48,28.08489061218827
343,272,36,272,37,28.68525981237031
351,272,132,272,132,22.955525752088974
375,288,180,286,179,22.531786157598713
385,304,60,303,58,24.648104006793083
Fin
Foto,35
2,0,24,0,24,25.752444363105937
9,0,108,0,106,22.114410475658772
45,32,60,30,61,23.21917250728342
84,64,48,65,47,29.912332783033687
89,64,108,63,106,27.270907314783955
95,64,180,63,178,27.381218878305322
101,80,12,78,14,22.884534759742117
113,80,156,79,156,24.353754222691464
115,80,180,78,178,21.720914399151088
164,128,48,126,48,27.41531872817867
167,128,84,129,82,29.48872272043466
168,128,96,126,95,29.523644845520405
187,144,84,142,82,19.049958205167002
190,144,120,146,121,21.74943524334589
192,144,144,144,145,16.931408491987394
210,160,120,158,119,21.001703881126
228,176,96,174,95,27.99389524238251
229,176,108,178,110,24.439038347054556
239,176,228,175,228,26.629738581469837
248,192,96,190,94,24.509553925484365
250,192,120,190,118,21.66172983362516
253,192,156,194,157,21.680303842768943
258,192,216,192,215,8.7831459359189
263,208,36,210,34,27.864645364403096
264,208,48,209,49,27.35822717893803
274,208,168,210,166,27.554397796878227
298,224,216,226,218,28.453195478414557
369,288,108,286,107,25.231619490680167
380,304,0,303,2,29.30259061299605
382,304,24,303,26,28.252946756086313
Fin
Foto,36
7,0,84,0,82,9.754076710363815
11,0,132,0,130,0.0
12,0,144,0,142,0.0
24,16,48,18,48,22.27385131326196
32,16,144,14,142,11.512366840284603
41,32,12,31,10,25.104678323609974
42,32,24,32,22,20.393037084322394
58,32,216,32,216,28.637148105487945
66,48,72,46,70,22.33952737378197
98,64,216,63,214,27.149599867976182
113,80,156,80,157,27.35688951634192
116,80,192,79,191,28.214364161894228
143,112,36,113,34,20.796551806719364
146,112,72,114,73,28.78351427492049
147,112,84,112,84,24.845199366321758
188,144,96,146,96,27.40226974241604
206,160,72,158,73,29.09830721358663
207,160,84,158,85,29.350897622873227
208,160,96,162,98,29.2367467489289
210,160,120,159,119,29.828127639097318
212,160,144,159,142,21.968926859406764
213,160,156,160,154,12.813243799232277
226,176,72,178,72,27.71597424908542
227,176,84,177,86,20.803274046178565
232,176,144,174,142,23.27258218875752
233,176,156,176,154,26.514744899994316
262,208,24,208,23,28.2014687002032
271,208,132,208,133,28.37468895124274
280,224,0,224,0,25.290955393335214
304,240,48,238,50,27.393458863700346
307,240,84,240,83,28.558029077084683
312,240,144,240,144,27.764892017262014
324,256,48,257,49,29.4019582776381
337,256,204,257,204,29.204885320391263
367,288,84,288,82,26.456600932949268
372,288,144,290,143,25.455697318953405
395,304,180,302,182,27.53771511106934
Fin
Foto,37
6,0,72,0,70,25.751055927382282
7,0,84,0,82,14.637414215520423
11,0,132,0,130,0.0
50,32,120,34,119,29.302076842298614
66,48,72,50,70,22.52458862518422
89,64,108,64,110,24.90714431490148
146,112,72,111,73,27.493196006430317
147,112,84,110,82,25.14362055539166
148,112,96,111,94,23.740533642309487
166,128,72,129,73,28.73778686408916
184,144,48,142,48,29.018137380613908
189,144,108,145,106,14.243600854182752
206,160,72,158,73,29.697884720734432
207,160,84,158,85,27.952697645081525
226,176,72,174,74,26.16035716792444
235,176,180,175,182,29.275697041154096
291,224,132,223,132,21.4876384789744
294,224,168,223,168,29.9997208488338
320,256,0,257,1,28.71459919904978
323,256,36,255,34,7.574956091797107
349,272,108,270,110,26.387750285732466
366,288,72,290,73,27.121951097461956
385,304,60,304,61,27.236266867972535
Fin
Foto,38
1,0,12,0,10,11.956952255349202
2,0,24,0,22,12.480204173801468
4,0,48,0,50,8.30471070835149
7,0,84,0,82,0.0
8,0,96,0,94,0.0
9,0,108,0,106,0.0
17,0,204,1,203,27.27615515856946
35,16,180,17,181,26.48946534817856
37,16,204,15,204,26.49845523253189
38,16,216,17,214,28.316926750860176
44,32,48,30,46,13.23270026396652
53,32,156,30,158,26.613782458462786
54,32,168,30,169,27.161637534156874
63,48,36,46,37,20.521783593345738
82,64,24,64,23,27.725499532734375
98,64,216,62,214,27.992904059031886
107,80,84,78,84,18.890109574563795
114,80,168,79,166,28.552357866334628
115,80,180,81,178,29.834485743391408
120,96,0,94,0,29.72599299171208
130,96,120,95,122,26.54196531559913
146,112,72,110,73,18.731568298620868
170,128,120,130,120,25.279255383494295
176,128,192,128,190,27.999385761825604
187,144,84,142,82,29.22756072554803
210,160,120,158,118,27.121665946802924
212,160,144,158,142,19.918749053006568
216,160,192,158,190,23.915452696280983
231,176,132,174,130,29.463152180385002
234,176,168,177,167,29.77398314505882
248,192,96,191,94,19.84011149207005
249,192,108,190,106,22.063501039315554
253,192,156,193,154,21.6768871406004
255,192,180,190,178,25.738004535230246
272,208,144,208,144,28.002653544669922
274,208,168,207,166,29.90006289302582
275,208,180,210,178,25.299541203195087
285,224,60,223,58,22.952783346169294
292,224,144,226,145,16.19455984495083
301,240,12,242,12,26.728897003195883
315,240,180,240,178,19.530040664735132
375,288,180,289,181,28.832532210215266
391,304,132,304,131,25.71748218343242
Fin
Foto,39
0,0,0,0,0,12.780888388654628
1,0,12,0,10,14.99528769690511
4,0,48,0,46,18.467662510992895
7,0,84,0,82,0.0
8,0,96,0,94,0.0
9,0,108,0,106,0.0
24,16,48,18,49,27.781963723343353
32,16,144,18,145,25.942777665950096
46,32,72,34,72,17.37056750996223
52,32,144,32,142,26.17086918997036
95,64,180,62,178,26.66235889562021
157,112,204,113,205,21.98060930075549
161,128,12,127,13,19.982585008030508
169,128,108,129,106,27.63184520792107
187,144,84,142,82,24.963545387641037
189,144,108,143,106,29.200272752146326
210,160,120,158,118,23.228772905880028
222,176,24,175,26,29.796279220493602
229,176,108,176,108,29.657474052424888
270,208,120,207,119,22.65999569451637
284,224,48,224,49,18.016534121142985
289,224,108,224,109,28.665064119473328
329,256,108,255,106,28.191021475046423
350,272,120,270,118,28.730944486809207
376,288,192,290,192,24.587906755434457
385,304,60,303,60,27.582241899200476
Fin
Foto,40
1,0,12,0,12,25.832503828285578
2,0,24,0,22,21.636401537397163
3,0,36,0,34,12.243434142294738
4,0,48,0,46,6.703176474165033
5,0,60,0,58,6.443397696970967
6,0,72,0,70,5.773508197934865
7,0,84,0,82,0.0
26,16,72,14,70,11.120820496594517
27,16,84,14,82,8.703060767569625
45,32,60,31,60,28.652751519305365
70,48,120,49,118,23.332512473913425
71,48,132,49,132,29.26827001369614
83,64,36,63,34,29.791288928002892
186,144,72,146,71,29.84344880713334
187,144,84,143,84,29.994091028259785
190,144,120,146,118,27.484187099075868
194,144,168,146,170,23.622154866293453
209,160,108,162,108,29.414695487818612
218,160,216,162,215,20.909725707363386
226,176,72,174,70,28.455120102149625
229,176,108,176,106,15.170595648691606
232,176,144,175,142,20.72290023632396
238,176,216,178,218,29.46175173377363
247,192,84,190,84,28.43773555049041
248,192,96,191,94,21.09409462056048
251,192,132,190,130,25.901503696337524
252,192,144,190,142,20.229952344743634
257,192,204,190,202,26.591900978939425
258,192,216,194,217,29.514856042660597
272,208,144,207,144,27.782364873104818
287,224,84,223,82,16.754232569117004
293,224,156,222,154,26.14831517158582
306,240,72,242,72,29.762178852418476
313,240,156,240,156,22.86144977604203
325,256,60,254,58,21.615853982003507
353,272,156,272,156,22.22949964146745
357,272,204,271,205,28.137222348270015
366,288,72,287,73,23.130004085546446
389,304,108,304,108,29.067359759808483
Fin
Foto,41
1,0,12,2,10,29.653090677414067
2,0,24,0,22,21.636401537397163
3,0,36,0,34,15.085343728909562
5,0,60,0,58,0.0
6,0,72,0,70,0.0
7,0,84,0,82,0.0
11,0,132,0,134,24.264419197338178
26,16,72,14,70,10.529500338523224
27,16,84,14,82,8.703060767569625
47,32,84,33,83,26.531213914347582
82,64,24,65,22,21.769564754577303
86,64,72,62,74,29.285160868587834
113,80,156,82,155,23.243771344577002
114,80,168,81,167,29.948652924003476
118,80,216,82,214,28.00133439521364
134,96,168,96,167,29.261133224273994
135,96,180,94,179,26.002192003871954
186,144,72,142,71,29.87217839987089
187,144,84,146,83,29.334257986253853
190,144,120,142,118,19.241674705289817
196,144,192,145,190,25.85518908145005
216,160,192,160,194,28.64580867753185
234,176,168,176,168,29.327688453325564
235,176,180,178,180,26.252365229221176
236,176,192,178,191,29.444693443096433
237,176,204,178,203,29.955463798697334
238,176,216,177,217,29.71866320241968
254,192,168,190,169,23.44299945098017
257,192,204,194,204,29.63783195162991
274,208,168,206,167,29.5025333369221
275,208,180,210,178,29.6970266035629
293,224,156,222,155,22.291589200397542
325,256,60,254,58,28.185093129951223
345,272,60,270,58,24.355272930909706
346,272,72,272,70,26.070713250476235
382,304,24,304,22,27.26260732979776
387,304,84,302,82,28.034801146264353
391,304,132,302,130,26.0600662802618
392,304,144,303,144,28.69801046798022
Fin
Foto,42
0,0,0,0,0,12.238430250738567
1,0,12,0,10,15.23601804769151
2,0,24,0,22,0.0
3,0,36,0,34,0.0
4,0,48,0,46,0.0
14,0,168,0,167,28.87543278048149
19,0,228,0,226,0.0
22,16,24,15,23,29.831250098595305
30,16,120,15,118,27.209952818216546
50,32,120,33,120,28.897427743806176
60,48,0,49,2,29.902388221084138
82,64,24,64,24,25.040306393588693
94,64,168,66,166,23.138375170542602
95,64,180,66,178,29.003152714993014
101,80,12,81,10,28.15447364290732
113,80,156,82,154,29.739092456304334
115,80,180,80,178,28.16052418281066
121,96,12,96,11,29.416115105201925
122,96,24,95,24,21.209288084427698
135,96,180,97,178,27.017688000267945
136,96,192,94,190,29.231850025918575
147,112,84,111,82,29.74945724167049
154,112,168,111,168,25.133714595264863
156,112,192,112,190,29.323851352032232
168,128,96,126,96,28.376924174738896
175,128,180,128,179,28.121891751223387
176,128,192,127,191,29.931080473347322
177,128,204,127,205,29.237273117123934
186,144,72,142,72,12.067454536202199
188,144,96,144,96,29.321848656558256
196,144,192,142,190,20.474659495086954
206,160,72,158,70,29.48591045922845
207,160,84,162,83,29.715003699716327
208,160,96,158,94,29.89541933696202
212,160,144,162,146,23.0528807241047
213,160,156,162,158,18.8305485399005
216,160,192,158,192,18.353731754014714
217,160,204,158,204,18.0780064218207
218,160,216,161,215,29.398397705127973
227,176,84,176,82,29.667857466697384
229,176,108,178,107,18.80106552033331
233,176,156,174,154,26.003546564229847
234,176,168,176,168,28.839794651544068
236,176,192,174,192,25.73692508060157
237,176,204,174,203,29.850306918760555
243,192,36,194,37,27.241789653803078
247,192,84,193,82,22.20028368408964
249,192,108,190,106,26.13742272959086
254,192,168,193,166,27.951022205164932
256,192,192,194,193,25.806806432560407
259,192,228,192,226,29.991725792105225
273,208,156,208,154,29.91124059886396
286,224,72,225,70,29.479231039916236
289,224,108,222,110,21.976267365410855
290,224,120,223,118,19.119075115050276
297,224,204,223,204,27.42331697424925
302,240,24,238,22,19.30928554363729
303,240,36,238,36,9.816054307774063
308,240,96,241,95,27.916609960415897
310,240,120,239,119,24.91242150699382
322,256,24,256,24,21.454987304442106
324,256,48,258,50,23.905607280209292
325,256,60,254,58,28.455459472201383
330,256,120,258,120,24.69409007001439
353,272,156,272,154,25.55155449987348
366,288,72,289,71,29.325202393259595
368,288,96,286,96,29.427045609402818
397,304,204,302,202,18.73743843989392
Fin
Foto,43
0,0,0,0,0,12.246428100279335
1,0,12,0,10,15.149578185294443
2,0,24,0,22,5.773508197934865
3,0,36,0,34,0.0
18,0,216,0,214,9.589465897515655
19,0,228,0,226,5.619861669078965
60,48,0,46,1,22.113175478950215
81,64,12,66,12,28.241583717442506
95,64,180,64,178,29.041465163795213
113,80,156,82,155,26.59704877102002
114,80,168,82,166,27.443017322584673
115,80,180,81,178,27.504822874836215
134,96,168,94,169,29.79041947180626
135,96,180,97,179,28.613679435026434
147,112,84,113,84,26.97113071340157
154,112,168,111,169,27.624709108927483
155,112,180,111,181,24.799897050508317
156,112,192,113,191,28.094234461292523
175,128,180,128,179,28.046847651535273
176,128,192,128,191,27.27774773605871
187,144,84,142,85,28.42757513938478
189,144,108,142,108,25.479832240390387
209,160,108,159,107,28.80703724468178
224,176,48,175,49,18.39834599028568
230,176,120,174,118,23.290211200289303
236,176,192,176,191,28.5047110962324
237,176,204,174,204,27.445045522510007
238,176,216,174,217,29.224186933363754
273,208,156,206,155,26.999815986650475
274,208,168,208,168,21.425174877805393
275,208,180,209,179,25.279763823260275
282,224,24,226,22,24.70917149896387
286,224,72,226,70,13.650520006466706
292,224,144,222,143,18.59090150385468
293,224,156,222,155,21.28559380027373
294,224,168,224,168,29.617334288050053
303,240,36,238,36,7.686668586743113
325,256,60,256,58,25.63371685630092
329,256,108,254,108,24.397146548484866
333,256,156,254,155,25.150935555224976
361,288,12,286,10,29.52520768608388
Fin
Foto,44
0,0,0,0,0,17.320524593804592
15,0,180,0,178,15.463697888388857
37,16,204,15,202,26.33050646662534
49,32,108,30,106,22.59090019305111
67,48,84,46,82,28.313356020880676
68,48,96,48,96,20.113268694854654
79,48,228,48,227,26.710471365762327
93,64,156,65,155,26.66547398963841
95,64,180,63,178,24.778907507294488
114,80,168,80,166,29.607798642631167
115,80,180,78,178,28.373921346097994
122,96,24,95,24,29.934180691837273
139,96,228,94,226,29.13672197343516
147,112,84,113,82,29.124008262256467
153,112,156,110,157,23.49858698397214
157,112,204,114,205,15.918626949777678
159,112,228,112,227,28.929233113729783
166,128,72,126,72,29.35286620042764
167,128,84,128,84,28.680235805933442
168,128,96,126,95,28.106721603926836
170,128,120,126,122,15.458077442115686
172,128,144,126,142,20.574473068610057
173,128,156,126,154,17.76674857850101
185,144,60,143,60,22.14431914462093
186,144,72,142,72,26.111885497253198
187,144,84,143,83,28.611640115339654
193,144,156,142,154,22.973195212580485
194,144,168,142,167,28.661793390045588
198,144,216,144,216,25.218383847561032
204,160,48,159,49,24.1602182851884
206,160,72,158,70,28.959180429145228
209,160,108,160,107,21.201750429838604
220,176,0,174,1,29.877993695256734
226,176,72,174,70,27.314968843187692
227,176,84,177,83,28.66396278829758
228,176,96,174,95,22.648325095516803
238,176,216,174,214,24.085865139893407
239,176,228,176,228,27.125234709883514
246,192,72,190,72,25.58638728711945
247,192,84,191,84,23.734867275775024
248,192,96,193,94,22.846828306343646
252,192,144,191,143,27.49858884077705
257,192,204,194,203,23.902332346952345
258,192,216,190,216,24.945765825949525
300,240,0,238,0,9.170310170569353
302,240,24,238,22,25.691563187371898
307,240,84,239,82,24.36400650429176
320,256,0,256,0,0.0
321,256,12,257,13,2.4639212027836885
331,256,132,255,131,29.049092334896223
336,256,192,257,194,26.914915117894758
337,256,204,257,202,14.85742629606224
342,272,24,270,22,14.86536032914724
357,272,204,274,205,26.095970365261834
359,272,228,273,226,24.490195540113348
369,288,108,290,106,28.24135093249287
372,288,144,290,142,21.01205170258006
373,288,156,288,154,23.180005669312216
386,304,72,304,74,21.896961343635688
Fin
Foto,45
0,0,0,0,0,17.117521599077065
29,16,108,14,107,29.4966897087863
64,48,48,48,46,20.895341654770228
69,48,108,46,109,27.8224571703116
94,64,168,65,167,29.074509813152698
95,64,180,66,178,29.80624635157815
111,80,132,82,131,24.432779010626568
114,80,168,82,166,26.161453299626633
115,80,180,81,180,26.85442412596979
129,96,108,96,107,21.834913671391618
131,96,132,96,133,24.760350304461305
155,112,180,110,178,24.547035621877118
156,112,192,111,193,13.127096749570837
166,128,72,126,72,28.926709683839835
167,128,84,127,84,29.182384155925494
168,128,96,126,97,26.538403683333552
183,144,36,144,34,28.5880652025035
185,144,60,142,61,18.10456396474686
186,144,72,142,72,28.278203047652323
187,144,84,146,83,29.696874909288383
197,144,204,146,205,29.50931656489307
203,160,36,158,35,25.064766646083694
205,160,60,162,61,29.040654389610417
206,160,72,158,72,25.335165438810584
208,160,96,160,95,17.6981977783237
209,160,108,159,106,28.36830105382522
217,160,204,159,203,29.65055955280223
218,160,216,161,216,29.716944556332862
226,176,72,178,71,26.62125694869822
227,176,84,178,83,29.5238712479871
228,176,96,174,94,28.895572300458564
238,176,216,176,216,29.847952512479566
239,176,228,176,226,16.021487216625687
247,192,84,191,82,26.63524995160262
248,192,96,191,97,25.988399579506343
256,192,192,191,190,25.336918867998488
257,192,204,190,204,28.59948413636119
258,192,216,190,217,26.862624013535452
273,208,156,210,154,25.85780886574843
276,208,192,206,191,29.422146906048336
285,224,60,226,58,26.610504767965793
294,224,168,224,168,27.955954474660945
300,240,0,238,0,20.830056857122642
353,272,156,271,154,16.873165781640537
361,288,12,286,12,27.050834899264295
372,288,144,288,144,28.46814530873852
387,304,84,302,86,21.46599799885211
396,304,192,303,191,28.815878662546513
Fin
Foto,46
16,0,192,0,190,15.029240095613542
19,0,228,0,228,3.5206830180042124
30,16,120,16,118,27.409066286441277
40,32,0,30,1,28.649992390577257
44,32,48,34,49,29.921996617306004
45,32,60,31,58,25.10729591002434
46,32,72,32,70,22.9819028111422
47,32,84,34,82,28.655107540251382
49,32,108,30,106,23.575770939801515
58,32,216,34,216,28.975074433047205
68,48,96,46,94,27.857734913260344
83,64,36,65,34,23.120615452889766
84,64,48,64,49,28.765129700835978
87,64,84,66,82,20.739251947783835
113,80,156,81,155,29.371593441918876
121,96,12,94,11,28.512342434641027
132,96,144,97,143,27.902485470592218
135,96,180,97,178,27.017964203694007
151,112,132,110,133,18.95349408901438
152,112,144,111,142,29.026180460780253
156,112,192,111,190,23.463391062081655
166,128,72,127,70,24.770405076615177
173,128,156,127,158,21.547631160338074
175,128,180,126,180,27.876861917821817
189,144,108,142,110,18.334670674666803
190,144,120,142,122,22.00730671946546
193,144,156,145,157,10.256970089324582
194,144,168,142,168,26.40604566314171
209,160,108,158,108,17.19360116740035
210,160,120,158,120,16.993741074887907
211,160,132,158,133,22.687794019303674
212,160,144,158,144,22.47015379231747
213,160,156,158,156,22.33815146940603
214,160,168,158,168,24.49701178624376
216,160,192,158,190,26.276539103827723
217,160,204,158,202,23.13234275049325
226,176,72,175,72,7.56567455068637
227,176,84,174,83,24.111313980809534
229,176,108,174,107,22.636530918096547
230,176,120,174,120,29.045219616461637
231,176,132,174,134,22.499871441674223
236,176,192,174,191,22.125175505788476
237,176,204,174,202,25.225414009913738
253,192,156,192,155,27.883424322991935
256,192,192,190,190,23.057977872291822
265,208,60,207,61,26.48409496598452
271,208,132,209,132,29.91547027249638
273,208,156,208,156,26.74660767275729
274,208,168,210,169,26.88392496013966
277,208,204,207,206,11.226952571445343
309,240,108,241,108,26.797500041145092
322,256,24,258,26,29.075428002416697
329,256,108,254,109,29.6422196522667
346,272,72,272,70,29.26187810463802
359,272,228,273,228,16.72412866133937
368,288,96,286,98,27.8994759756422
378,288,216,288,216,25.736721141704464
Fin
Foto,47
16,0,192,0,190,17.48546472991672
45,32,60,30,58,27.581719110686016
46,32,72,33,72,26.296952321777376
60,48,0,46,1,25.007383680420823
61,48,12,46,10,22.991366948913907
78,48,216,48,216,29.522073788638203
99,64,228,64,227,25.513525211212816
113,80,156,81,155,28.73500866398839
135,96,180,94,180,28.785693603274186
164,128,48,127,46,27.47347683266043
167,128,84,126,82,28.188604859599682
175,128,180,129,181,20.466754206048734
176,128,192,126,192,21.034401704844417
177,128,204,126,202,19.306560724274252
187,144,84,143,82,29.232458110291134
188,144,96,144,94,23.362421773839177
207,160,84,158,84,7.903091361060022
208,160,96,158,95,29.088970387129137
216,160,192,158,190,29.72503497290112
217,160,204,161,202,29.60975740674695
222,176,24,177,23,27.5919229277888
227,176,84,174,82,25.13005549537411
236,176,192,174,190,26.395520470840104
237,176,204,174,202,28.980995067208344
256,192,192,190,191,27.227440978233858
257,192,204,190,203,24.271615848043034
258,192,216,190,214,25.48130040225487
270,208,120,209,121,21.320328612641486
272,208,144,206,143,29.70394631465716
273,208,156,208,157,25.25092458591892
274,208,168,209,169,28.688967392347344
276,208,192,206,191,28.66284010891725
287,224,84,223,82,26.441413364546857
Fin
Foto,48
1,0,12,2,10,29.807813653854865
4,0,48,0,46,21.933816460301156
13,0,156,0,154,13.086856418018318
18,0,216,0,214,8.100694206431498
19,0,228,0,226,12.151643971365903
22,16,24,14,22,18.552672214696585
23,16,36,14,34,13.366645540160214
26,16,72,15,70,29.853375274970123
27,16,84,15,82,26.083275762263554
36,16,192,14,191,26.11725402576213
38,16,216,16,214,29.653274951246825
43,32,36,30,34,26.303770765194827
47,32,84,33,82,29.447768765553597
81,64,12,65,14,29.81516204774043
87,64,84,66,82,27.410804918718128
100,80,0,79,0,24.9075226761169
104,80,48,78,49,27.79308984160485
107,80,84,82,86,29.28833867081778
113,80,156,80,157,27.02268316061606
136,96,192,96,191,29.21360408888292
152,112,144,112,144,18.694756618054654
153,112,156,112,155,23.295030092967302
156,112,192,112,190,28.450515093530257
161,128,12,128,13,26.44968735400593
166,128,72,128,71,17.3773637735621
177,128,204,128,202,29.98441543661764
186,144,72,142,70,27.06646133827367
187,144,84,142,83,26.23970209647208
196,144,192,143,192,29.895935236315474
197,144,204,143,204,29.53102593740006
198,144,216,144,216,27.629844770653406
207,160,84,158,83,28.162562649171047
214,160,168,158,169,16.54168537070013
217,160,204,159,203,29.94932402393843
218,160,216,162,217,27.150250821985065
227,176,84,174,84,24.964087381332813
228,176,96,178,95,29.626581835446903
237,176,204,174,206,26.195172108131896
238,176,216,176,216,29.944265638658543
253,192,156,194,156,29.325365458783708
261,208,12,209,10,27.73887063381249
275,208,180,206,178,28.053851646248198
276,208,192,209,193,26.21188555507732
284,224,48,225,48,28.24183021738749
293,224,156,222,155,28.464949442502263
295,224,180,225,178,26.09379830296203
316,240,192,239,194,29.338334921465652
335,256,180,257,178,22.86113292876722
342,272,24,271,22,18.389438398274283
355,272,180,270,178,26.94183343490451
361,288,12,290,13,17.471397960295562
363,288,36,287,36,28.183434700551494
384,304,48,303,50,28.009598754846333
386,304,72,304,71,25.173363205555013
392,304,144,302,146,29.080397935904145
Fin
Foto,49
16,0,192,0,191,22.534293010653453
18,0,216,0,214,10.628714534261231
43,32,36,33,37,28.259844697005462
86,64,72,64,70,19.412859232136405
95,64,180,66,180,26.234137385396306
113,80,156,78,158,29.489300614280353
121,96,12,94,11,25.168161016091744
127,96,84,95,86,26.883240986099786
135,96,180,96,181,28.47284193958854
136,96,192,96,193,29.94708780970644
156,112,192,114,190,29.647148941574585
163,128,36,130,37,29.565681019541657
168,128,96,126,94,22.912947857815805
184,144,48,146,46,19.679424289560274
186,144,72,142,70,28.937601175107773
187,144,84,142,85,22.260614652864177
196,144,192,142,192,28.2924103797653
208,160,96,158,96,24.668766567703763
225,176,60,176,59,27.457016850290206
228,176,96,176,97,29.192891629946036
236,176,192,174,192,28.74454198169502
237,176,204,177,202,25.365656981598317
255,192,180,192,180,29.78480463416954
256,192,192,192,192,22.809565769075533
272,208,144,207,143,28.332653196303426
275,208,180,207,180,29.985818933853523
276,208,192,206,193,22.772451193419766
292,224,144,222,143,28.208198188646236
293,224,156,222,156,25.721399528181195
330,256,120,256,122,22.637775336092496
353,272,156,274,156,24.532646015635766
363,288,36,290,34,27.597199338280205
364,288,48,287,46,16.32381505305471
366,288,72,289,73,27.404293637760393
393,304,156,302,156,28.17651852525113
395,304,180,303,178,24.853510085840703
Fin
Foto,50
0,0,0,0,0,12.247425353739052
1,0,12,0,10,12.231423540307897
11,0,132,0,130,12.543330551102382
15,0,180,0,178,11.684482328327617
33,16,156,16,158,28.100976187528527
74,48,168,46,170,27.804131028638842
82,64,24,65,25,12.095147097548535
119,80,228,79,227,27.507076273112272
150,112,120,114,118,26.7784607538779
151,112,132,114,130,21.32230090696627
152,112,144,114,145,18.75101931291875
153,112,156,113,154,27.592290176753508
171,128,132,127,130,29.66140154781928
172,128,144,127,143,28.522046773245087
187,144,84,142,82,16.692705130600668
194,144,168,142,170,27.72688580974659
227,176,84,174,82,5.862099053491457
235,176,180,174,179,28.968094221828817
243,192,36,190,36,28.169436637894776
281,224,12,224,13,24.20415664178597
284,224,48,223,47,24.665592013540003
362,288,24,290,22,29.839963752945415
Fin
Foto,51
3,0,36,1,34,24.95641348711432
10,0,120,0,118,22.51267071325733
11,0,132,0,130,15.559286784626176
13,0,156,0,154,28.193666129257636
20,16,0,14,1,8.817357425422328
26,16,72,16,70,29.558462486029384
37,16,204,18,202,25.89040447781659
40,32,0,30,0,0.0
79,48,228,49,226,25.765073801995054
123,96,36,98,34,26.376212241528894
188,144,96,142,94,11.649079167631154
194,144,168,146,170,22.740998745680535
207,160,84,158,82,20.35326974751806
229,176,108,174,110,13.767224870773303
230,176,120,174,122,16.82810839818404
232,176,144,174,144,15.999549684564807
251,192,132,190,131,23.71571035764708
278,208,216,208,216,29.46032618776766
282,224,24,222,23,29.559624231176365
349,272,108,270,106,22.61705378341704
Fin
Foto,52
9,0,108,0,106,0.0
10,0,120,0,118,0.0
11,0,132,0,130,0.0
15,0,180,0,178,15.46064995749759
16,0,192,0,190,19.111734432117252
29,16,108,14,106,16.166108733360215
30,16,120,14,121,0.0
31,16,132,14,130,21.212436165226407
34,16,168,14,169,28.53904259433069
41,32,12,34,11,22.585263010190914
50,32,120,30,118,19.833144832394055
66,48,72,50,70,21.727748003386665
68,48,96,48,98,29.845045348825145
78,48,216,48,214,27.31405134414001
139,96,228,97,227,27.969508875728387
140,112,0,113,0,10.038090369992359
143,112,36,114,35,29.367205064110887
148,112,96,112,96,29.760152285818194
151,112,132,114,130,23.206555434882222
174,128,168,127,166,27.587372879703732
199,144,228,142,227,28.444496592918497
204,160,48,161,46,21.826839800305695
302,240,24,238,25,12.168233408698029
303,240,36,241,34,26.088582496508703
309,240,108,238,107,24.788130111962108
364,288,48,287,48,21.02514780043726
366,288,72,286,74,22.4036941797802
380,304,0,303,0,29.178702547443116
381,304,12,304,14,29.07609501783002
382,304,24,303,22,24.841400835933992
Fin
Foto,53
9,0,108,0,106,0.0
10,0,120,0,118,0.0
11,0,132,0,130,0.0
16,0,192,0,190,18.939814065431662
29,16,108,14,106,16.166108733360215
31,16,132,14,130,10.600451021358426
48,32,96,30,94,16.923170157426622
67,48,84,50,85,26.40820093859249
69,48,108,50,107,23.080661328531754
148,112,96,114,97,28.667650746216005
243,192,36,190,35,20.738753827758224
311,240,132,238,131,28.63476876879129
325,256,60,258,60,23.732823759474968
328,256,96,254,94,17.973105005115947
349,272,108,270,106,19.481148972522426
362,288,24,287,25,27.929965979882823
Fin
Foto,54
2,0,24,0,24,13.769065024283043
5,0,60,0,58,8.660287074028773
6,0,72,0,70,0.0
7,0,84,0,82,0.0
8,0,96,0,94,0.0
9,0,108,0,106,0.0
12,0,144,0,145,26.90758115102442
21,16,12,18,10,19.799414462327753
26,16,72,14,70,10.606601717798213
27,16,84,14,82,19.36490195677247
28,16,96,14,94,12.247425353739052
29,16,108,14,106,12.247425353739052
30,16,120,14,118,17.57084931762949
40,32,0,30,1,23.06628583136236
47,32,84,33,82,11.010107957864436
48,32,96,30,94,15.407860888397709
49,32,108,30,106,14.44388718953768
56,32,192,33,190,19.501301624646562
64,48,48,46,46,28.83497338342568
69,48,108,50,107,24.63083159391153
78,48,216,48,214,29.07543201664522
84,64,48,62,46,28.427616242248632
95,64,180,64,181,29.755416812721663
103,80,36,78,34,27.137768667093347
105,80,60,78,62,21.028321170942075
108,80,96,82,95,25.15532046596909
125,96,60,97,58,19.782086336278326
134,96,168,98,169,28.948848728672036
135,96,180,98,181,29.477253254697274
139,96,228,95,227,22.458800067539954
142,112,24,110,24,22.645321275017206
147,112,84,110,82,25.630124193968562
156,112,192,114,193,29.487679609007607
166,128,72,126,70,23.876967876694586
172,128,144,130,143,27.242952229120448
175,128,180,130,180,26.350902448176644
176,128,192,128,192,26.8317747556474
177,128,204,128,204,28.78610316327788
184,144,48,142,47,25.99351302000759
187,144,84,142,82,26.95215786876846
190,144,120,146,119,24.42833108632049
191,144,132,145,130,18.121372464173923
192,144,144,145,142,29.131636107604088
196,144,192,146,194,28.20776798951046
210,160,120,158,122,26.965291379545086
211,160,132,158,130,25.130093000786022
212,160,144,158,142,27.48046556607725
214,160,168,161,167,22.59500918279322
215,160,180,161,180,25.17924283526146
227,176,84,174,82,29.162581099071883
233,176,156,174,154,26.152991629591558
234,176,168,178,167,27.19208377559184
237,176,204,174,205,27.39157934393458
238,176,216,174,218,23.47526456406459
253,192,156,190,154,23.37178886779181
257,192,204,190,206,28.845734542332416
258,192,216,190,218,24.913809971328924
259,192,228,191,227,29.211180051007247
274,208,168,206,168,29.830299030090167
292,224,144,222,145,25.62246600532322
293,224,156,222,157,24.96649812181671
296,224,192,225,190,28.37936465515191
307,240,84,240,82,26.47034045866932
309,240,108,242,110,26.99337560021053
312,240,144,240,142,25.221968494025965
346,272,72,274,72,16.12599245082363
348,272,96,271,95,28.97649107093805
384,304,48,302,46,12.455231812517509
392,304,144,302,142,26.0313482639728
Fin
Foto,55
5,0,60,0,58,8.660287074028773
6,0,72,0,70,0.0
7,0,84,0,82,0.0
8,0,96,0,94,0.0
9,0,108,0,106,0.0
26,16,72,14,70,10.606601717798213
27,16,84,14,82,24.49488574775172
28,16,96,14,94,19.36490195677247
29,16,108,14,106,19.36490195677247
45,32,60,30,58,10.68832566654297
77,48,204,50,205,29.639176489542063
88,64,96,63,97,19.79734138176008
110,80,120,80,118,24.773215322869966
125,96,60,96,58,10.331787067334893
142,112,24,113,25,27.27004252660134
154,112,168,111,166,20.228279909679607
155,112,180,110,178,29.183313434894277
168,128,96,129,96,28.29761745590542
187,144,84,142,83,28.06324045818503
190,144,120,145,118,26.178541885190818
197,144,204,143,202,28.40623985086982
208,160,96,158,94,27.701296647635356
214,160,168,158,166,22.718256315394576
217,160,204,162,203,28.812658082354826
218,160,216,162,215,28.996436202178497
227,176,84,174,84,24.378998617567266
236,176,192,174,194,20.972230387209176
237,176,204,177,204,28.06997325846477
238,176,216,177,215,28.35928836095666
256,192,192,190,193,29.43783010609952
257,192,204,193,204,29.102852513969353
292,224,144,222,144,28.446860573945823
293,224,156,222,155,28.41762348599964
328,256,96,258,94,22.88177366691681
335,256,180,254,179,27.428138942050335
347,272,84,274,84,25.71166668485558
366,288,72,287,71,28.491596983213494
397,304,204,302,206,27.99793382988728
Fin
Foto,56
4,0,48,0,46,0.0
5,0,60,0,58,0.0
6,0,72,0,70,0.0
7,0,84,0,82,0.0
8,0,96,0,94,0.0
11,0,132,0,130,17.537666439641516
12,0,144,0,143,15.388195952446429
14,0,168,0,167,28.037159146641034
16,0,192,1,191,28.881434897555746
24,16,48,14,46,21.654304327472875
25,16,60,14,58,25.98076211353316
31,16,132,15,130,23.371171541589426
32,16,144,15,145,26.955483910870647
46,32,72,30,70,2.5
61,48,12,48,10,21.565856958401135
66,48,72,48,70,25.280721344128686
94,64,168,65,167,26.740363790869573
95,64,180,62,178,20.657729784342735
107,80,84,78,82,22.636670888484925
121,96,12,94,10,18.401046781613964
128,96,96,94,96,25.163405221438346
132,96,144,96,146,23.745404761750102
147,112,84,110,84,22.547700342568405
155,112,180,110,178,29.14743988776049
156,112,192,113,190,29.034889347242405
167,128,84,127,82,28.97777188834621
168,128,96,126,94,25.825048274417107
181,144,12,142,13,29.9199540276787
184,144,48,146,46,18.154021438383218
186,144,72,144,71,17.436798392018204
187,144,84,142,82,25.59675602902262
188,144,96,142,96,17.45172481403712
189,144,108,145,107,22.933924902208503
190,144,120,146,118,25.233730187626087
197,144,204,145,202,29.572989656778603
208,160,96,162,94,29.430143478368834
223,176,36,178,34,29.713763569298706
226,176,72,174,71,23.735052543965978
227,176,84,174,83,27.38149128528903
238,176,216,174,214,28.82632100698811
239,176,228,174,226,28.364168389609638
240,192,0,194,0,18.23644600285595
247,192,84,190,82,28.476411219275036
267,208,84,208,85,29.22974100449299
276,208,192,206,192,27.133726506387394
293,224,156,222,155,25.66191649777152
294,224,168,223,166,24.3984868147749
297,224,204,226,202,26.0449956626279
333,256,156,257,155,18.532488423075623
347,272,84,272,86,28.757042612315765
369,288,108,286,106,22.191731720420343
376,288,192,287,193,25.384931063270358
Fin
Foto,57
4,0,48,0,46,0.0
5,0,60,0,58,0.0
6,0,72,0,70,0.0
7,0,84,0,82,0.0
21,16,12,14,11,21.38662402655466
22,16,24,14,22,18.766700529836548
24,16,48,14,46,20.308142371545298
25,16,60,14,58,19.36490195677247
34,16,168,14,168,25.22449909434191
37,16,204,14,206,22.84336716604686
42,32,24,33,24,14.091239318474088
46,32,72,30,70,2.5
55,32,180,32,182,27.912393054167364
83,64,36,64,34,16.8549969511763
156,112,192,110,190,24.95011317005659
167,128,84,126,82,22.641248201647095
197,144,204,146,203,27.52823198265226
208,160,96,162,94,18.983197812758863
255,192,180,193,181,27.96870267035792
273,208,156,206,154,28.97709059570195
292,224,144,225,144,8.568145626435822
293,224,156,222,154,29.988842567579237
319,240,228,238,227,23.01824007865504
387,304,84,302,82,29.06992743336786
Fin
Foto,58
0,0,0,0,0,0.0
1,0,12,0,10,0.0
2,0,24,0,22,0.0
3,0,36,0,34,0.0
4,0,48,0,46,0.0
5,0,60,0,58,0.0
6,0,72,0,70,0.0
9,0,108,1,107,25.602704799405327
22,16,24,14,22,10.606601717798213
23,16,36,14,34,19.36490195677247
24,16,48,14,46,15.0
32,16,144,17,142,23.107173920468483
35,16,180,18,180,28.217816146707513
44,32,48,30,46,0.0
45,32,60,30,58,0.0
50,32,120,32,119,24.630321239185378
63,48,36,46,34,3.5355339059327378
84,64,48,63,46,29.552159782741807
114,80,168,78,166,26.28352806804653
116,80,192,82,193,22.117104227004315
136,96,192,98,190,23.117323509715952
155,112,180,114,179,29.388239640063453
156,112,192,114,192,28.632535603308757
166,128,72,126,71,29.39830981130033
167,128,84,126,84,23.326814306334803
168,128,96,126,95,24.588279727551484
177,128,204,130,203,29.249829465593912
181,144,12,145,10,28.901947184166996
185,144,60,145,59,23.071196576521977
187,144,84,143,83,29.67174649640757
188,144,96,146,95,28.15156516525939
189,144,108,142,106,20.723042751232555
207,160,84,159,83,29.069618727000556
208,160,96,160,95,29.54309551086187
209,160,108,158,108,23.973238774706807
215,160,180,162,180,23.70227112763746
217,160,204,160,203,28.986028347477006
218,160,216,158,215,27.602813448168455
225,176,60,178,61,27.736433823918944
229,176,108,178,107,23.914775712236796
230,176,120,178,119,23.095535145481463
235,176,180,178,180,10.745773114020343
236,176,192,175,194,25.40344571985873
237,176,204,176,204,29.47574743136655
238,176,216,174,214,29.787067022126223
256,192,192,190,190,29.830664880272046
257,192,204,193,202,29.691691194657707
258,192,216,194,214,24.999368613527125
272,208,144,207,142,28.714885353023867
274,208,168,206,168,24.221892111797025
275,208,180,206,181,27.86764836426151
276,208,192,207,192,23.152370836866766
277,208,204,207,206,10.500753498032719
287,224,84,225,84,24.362046246318798
288,224,96,224,94,28.648264345169537
293,224,156,222,155,27.055420195652292
299,224,228,224,226,27.141172306189926
307,240,84,240,83,25.260510672068403
344,272,48,274,50,26.05491555740214
353,272,156,272,154,19.487456360176772
368,288,96,287,94,19.173073299959977
374,288,168,286,170,21.95954595234987
Fin
Foto,59
0,0,0,0,0,0.0
1,0,12,0,10,0.0
2,0,24,0,22,0.0
3,0,36,0,34,0.0
4,0,48,0,46,0.0
5,0,60,0,58,0.0
6,0,72,0,70,0.0
9,0,108,2,110,28.91536771401284
17,0,204,1,203,22.09410288167333
22,16,24,14,22,10.606601717798213
23,16,36,14,34,19.36490195677247
24,16,48,14,46,16.770509831248425
26,16,72,14,70,9.197358401846758
44,32,48,30,46,8.660287074028773
45,32,60,30,58,19.36490195677247
46,32,72,30,70,13.400491785594664
63,48,36,46,34,13.693063937629153
64,48,48,46,46,4.074552768639832
65,48,60,46,58,17.84840105223327
66,48,72,46,70,22.737621548774488
72,48,144,49,144,27.324263263026527
96,64,192,62,191,23.66106589595595
109,80,108,78,109,23.410455700663483
145,112,60,114,61,27.958124192955612
167,128,84,126,84,27.694858403999266
185,144,60,144,59,23.190620727510137
186,144,72,142,72,27.714596689584123
187,144,84,144,85,29.723610791651716
189,144,108,142,106,23.539184887379747
205,160,60,158,61,23.43511309006207
217,160,204,158,206,27.723024526168324
218,160,216,158,218,25.60042057251117
229,176,108,174,109,19.61355248903755
235,176,180,177,182,28.992651032917433
254,192,168,190,169,27.88896695486052
256,192,192,190,194,29.846261484767318
274,208,168,208,169,28.305853823297298
292,224,144,224,144,23.50321058189153
293,224,156,222,155,23.53437291793339
301,240,12,241,12,21.430291166349956
345,272,60,270,59,14.5682259258388
358,272,216,270,215,23.687846457514876
386,304,72,303,70,23.44499540912324
Fin
Foto,60
0,0,0,0,0,0.0
1,0,12,0,10,0.0
2,0,24,0,22,0.0
3,0,36,0,34,0.0
18,0,216,2,216,28.03527623618306
20,16,0,14,0,10.606601717798213
21,16,12,14,10,8.660187965097542
22,16,24,14,22,15.90990257669732
23,16,36,14,34,19.36490195677247
24,16,48,14,46,19.36490195677247
25,16,60,14,58,24.63228834659306
42,32,24,30,22,0.0
43,32,36,30,34,0.0
44,32,48,30,46,0.0
53,32,156,31,155,27.74899862763266
63,48,36,46,34,0.0
64,48,48,46,46,0.0
89,64,108,65,106,27.812457391780463
99,64,228,65,226,28.31615833110439
115,80,180,81,178,29.89935339360663
132,96,144,97,143,27.720389924340232
136,96,192,94,190,29.242950342894307
152,112,144,110,142,24.741133082277138
153,112,156,110,157,21.41014295587164
156,112,192,110,193,11.777093272890502
165,128,60,128,59,14.819228814618732
174,128,168,126,167,29.813715679180724
175,128,180,126,179,29.06485614019288
182,144,24,144,22,21.108119596934237
185,144,60,142,61,21.69486530488157
188,144,96,143,94,19.983555696290825
196,144,192,145,191,28.03878302742937
206,160,72,162,70,19.28707720095968
208,160,96,158,94,25.604038650682753
222,176,24,178,24,23.287406321195103
226,176,72,177,71,6.813083341547027
233,176,156,178,154,23.684254946302335
234,176,168,178,166,26.908601844816094
235,176,180,178,180,23.35722958000931
236,176,192,174,193,23.330964542103843
247,192,84,192,83,28.512602447058974
250,192,120,192,121,29.419712143351482
253,192,156,191,156,12.405817085587302
255,192,180,194,178,23.0525715241452
272,208,144,207,142,24.097681166950835
273,208,156,206,155,25.71863025075426
274,208,168,208,167,27.952071101069507
275,208,180,206,180,28.556056422014137
276,208,192,210,191,23.87778686262365
292,224,144,222,143,24.349923987512923
329,256,108,255,108,26.96628170029225
Fin
Foto,61
0,0,0,0,0,0.0
1,0,12,0,10,0.0
2,0,24,0,22,0.0
3,0,36,0,34,0.0
4,0,48,0,46,0.0
20,16,0,14,0,10.606601717798213
21,16,12,14,10,8.660187965097542
22,16,24,14,22,15.90990257669732
23,16,36,14,34,23.318435363364543
24,16,48,14,46,19.36490195677247
29,16,108,14,108,24.001314725139924
42,32,24,30,22,0.0
43,32,36,30,34,7.5
44,32,48,30,46,17.320524593804592
46,32,72,34,70,29.850010711298292
63,48,36,46,34,0.0
64,48,48,46,46,0.0
66,48,72,47,70,28.57336559519129
78,48,216,48,217,27.310289408544964
132,96,144,97,144,29.047896134979236
135,96,180,98,178,28.696242804024156
136,96,192,97,191,29.055261415087124
147,112,84,111,84,29.656812268933525
155,112,180,110,180,25.897232631503144
156,112,192,114,190,27.321556624466126
167,128,84,126,83,29.571888354783226
175,128,180,126,179,21.622466756327796
179,128,228,129,226,23.173503132021477
185,144,60,142,61,14.644126464257138
187,144,84,145,83,14.292337629905493
207,160,84,158,82,28.122273272099278
226,176,72,174,71,29.360000185159507
227,176,84,174,82,26.35680318405371
239,176,228,174,228,27.031048998803332
247,192,84,190,86,28.72884371108291
350,272,120,273,118,27.76043902412998
356,272,192,274,192,28.749646056577554
374,288,168,286,169,28.88163551896038
383,304,36,304,38,12.034138404124482
Fin
Foto,62
0,0,0,0,0,17.320524593804592
1,0,12,0,10,0.0
2,0,24,0,22,0.0
3,0,36,0,34,0.0
5,0,60,0,58,17.99124448408776
6,0,72,0,70,14.91898512182429
11,0,132,0,131,29.346387808347643
12,0,144,2,142,21.286195729458793
20,16,0,14,0,16.20183408739301
21,16,12,14,10,21.213203435596427
28,16,96,15,94,27.1744491764027
29,16,108,14,106,27.74636863336113
32,16,144,16,144,28.242839472356582
40,32,0,30,0,0.0
41,32,12,30,10,0.0
42,32,24,30,22,0.0
43,32,36,30,34,0.0
44,32,48,34,46,8.977187180614747
45,32,60,30,58,12.003255910238845
46,32,72,30,70,19.54260255792272
60,48,0,46,0,14.142135623730951
61,48,12,46,10,8.164961915917239
62,48,24,46,22,0.0
63,48,36,46,34,0.0
82,64,24,62,22,5.0
83,64,36,62,34,7.0710678118654755
85,64,60,62,62,18.87888449573132
86,64,72,62,71,28.491229849532136
87,64,84,66,84,29.04941794059805
88,64,96,64,95,28.278148963905906
90,64,120,63,119,27.34821989005691
94,64,168,64,168,26.959465160787033
103,80,36,78,34,0.0
106,80,72,82,71,19.80753726457641
111,80,132,78,134,27.453603962107582
115,80,180,78,178,23.639465323498307
118,80,216,79,217,20.920839980674295
120,96,0,95,0,28.14540293207592
126,96,72,95,70,29.441624987533054
134,96,168,97,169,28.646873647171347
154,112,168,113,169,27.134032573815006
167,128,84,126,82,27.714126712423074
173,128,156,126,158,17.39640977552311
175,128,180,129,180,25.4345392701792
176,128,192,129,191,29.693104245554196
177,128,204,130,202,22.110416989313244
180,144,0,145,1,17.069599386619615
192,144,144,142,144,23.273011467199368
193,144,156,142,156,24.406707235180445
194,144,168,145,168,25.922586157103495
195,144,180,144,179,28.501658004596287
196,144,192,142,191,19.27717236838925
209,160,108,158,108,26.579304570867663
211,160,132,161,133,16.254404071391974
214,160,168,158,166,27.095334330597602
215,160,180,158,178,24.164896325884744
226,176,72,178,72,8.414906822531723
227,176,84,174,83,28.417453213981272
228,176,96,175,95,29.589853847780848
236,176,192,175,191,19.875851236654505
247,192,84,192,82,17.849597670988256
251,192,132,191,130,27.177282931097963
256,192,192,190,190,25.019182906821726
269,208,108,206,106,20.743301631120477
272,208,144,206,142,29.110621661518948
274,208,168,206,167,27.604775176651167
293,224,156,222,155,24.452825994541776
301,240,12,241,10,27.31857622621984
320,256,0,257,2,22.017068130609
322,256,24,255,22,29.761443869905243
326,256,72,258,70,29.431814191161433
330,256,120,254,118,16.161167568633196
333,256,156,256,156,20.942818159210198
355,272,180,271,179,27.000187741581712
373,288,156,287,158,22.133559689069145
Fin
Foto,63
0,0,0,0,0,17.320524593804592
1,0,12,0,10,0.0
2,0,24,0,22,0.0
5,0,60,0,58,18.108459810484653
13,0,156,0,154,28.745534605751907
15,0,180,1,178,26.31092557681388
20,16,0,14,0,10.606601717798213
21,16,12,14,10,19.36490195677247
40,32,0,30,0,0.0
41,32,12,30,10,0.0
42,32,24,32,22,0.0
43,32,36,30,34,8.915554402313132
44,32,48,30,46,18.988215821862124
45,32,60,33,58,15.627269062750578
60,48,0,46,0,14.142135623730951
61,48,12,46,10,8.164961915917239
82,64,24,62,22,4.564361610523545
83,64,36,62,34,5.773508197934865
85,64,60,65,60,29.3279269450367
95,64,180,62,178,29.51386416141044
102,80,24,81,22,9.929706445359258
103,80,36,78,34,8.884062829437635
115,80,180,82,178,28.68988128472223
120,96,0,95,0,29.948840086784145
122,96,24,97,24,10.240585408075136
130,96,120,98,121,24.595012659960634
132,96,144,98,146,29.1143245939533
136,96,192,94,190,29.415505205106875
141,112,12,110,10,29.587919155405913
147,112,84,114,83,27.186657666168877
152,112,144,110,142,16.923040094491228
156,112,192,110,190,26.352927476113706
167,128,84,127,82,28.285445957847575
174,128,168,127,169,25.634266256626624
181,144,12,143,10,24.2496126430903
205,160,60,161,60,29.225523400836188
208,160,96,158,94,26.15922508016702
209,160,108,158,108,24.383751219579352
217,160,204,158,202,25.426838005450996
227,176,84,174,82,28.40059162447804
228,176,96,177,94,29.0653387281994
236,176,192,176,190,26.883518255538693
256,192,192,190,191,29.535719273738547
257,192,204,194,202,21.83896406643357
272,208,144,206,143,26.992650204356508
293,224,156,224,157,23.97102242091669
373,288,156,289,154,20.74085178436254
Fin
Foto,64
0,0,0,0,0,0.0
1,0,12,0,10,0.0
2,0,24,0,22,0.0
18,0,216,0,216,13.914471770586674
21,16,12,14,13,0.0
22,16,24,14,22,25.56754590821095
30,16,120,18,118,26.126570932787487
33,16,156,14,155,27.60434690662704
39,16,228,14,226,20.718249506870578
40,32,0,30,0,0.0
41,32,12,30,10,0.0
54,32,168,30,167,28.745292776062428
76,48,192,47,193,29.400764983018952
80,64,0,62,0,0.0
81,64,12,62,10,3.5355339059327378
82,64,24,66,23,10.854530321368543
88,64,96,66,94,21.934507840594314
101,80,12,78,13,3.4845768545942333
105,80,60,82,60,21.67702291160303
163,128,36,129,37,25.555513670141316
171,128,132,129,130,29.79110028313943
184,144,48,142,46,28.812928720880766
202,160,24,161,25,28.236921143873886
203,160,36,162,35,20.162520983546244
206,160,72,158,72,29.2622402621765
222,176,24,174,22,26.750380274052
271,208,132,206,133,28.193605154685223
325,256,60,254,58,25.24776871050046
342,272,24,270,24,8.124906966737303
343,272,36,270,34,23.915526990258485
356,272,192,273,192,21.9287373671406
362,288,24,288,22,22.861958900531754
373,288,156,288,154,20.272944058760665
375,288,180,288,182,26.11916305342785
377,288,204,290,202,22.87737376726497
Fin
Foto,65
0,0,0,0,0,0.0
1,0,12,0,10,0.0
7,0,84,1,83,26.12375135204846
13,0,156,2,154,16.95733162277235
16,0,192,0,190,19.548833467311606
17,0,204,0,202,17.793319996918015
18,0,216,2,214,16.075785235573537
21,16,12,14,10,13.693084831570637
39,16,228,14,226,12.52867959747729
40,32,0,30,0,0.0
41,32,12,30,10,0.0
62,48,24,48,22,7.243860431299376
80,64,0,62,0,0.0
81,64,12,62,10,3.5355339059327378
124,96,48,97,50,24.908650027187214
144,112,48,110,50,16.789079827737933
150,112,120,113,118,25.7650907393481
169,128,108,127,107,29.28446955012182
174,128,168,127,168,29.42945988550342
181,144,12,142,10,22.491862445681136
260,208,0,206,1,25.245880847373307
299,224,228,223,227,29.800147463491847
360,288,0,290,1,27.073533942024678
368,288,96,288,96,15.198205307416268
Fin
Foto,66
16,0,192,0,192,0.0
17,0,204,0,202,0.0
25,16,60,18,59,15.995615113412525
36,16,192,14,190,8.95293327603545
37,16,204,14,202,22.979526894744268
63,48,36,49,34,27.65781405232465
67,48,84,47,84,28.15008766058665
89,64,108,62,107,29.39767618002626
91,64,132,64,134,25.65995428027723
126,96,72,96,72,17.296846014900524
132,96,144,98,143,19.555499004258632
133,96,156,97,154,24.7572416174712
135,96,180,94,178,18.589432172669913
150,112,120,114,120,23.832697609310863
151,112,132,113,131,26.881215614715295
152,112,144,113,146,25.164825387478512
176,128,192,127,190,27.839111934669198
181,144,12,146,13,15.25285840908483
186,144,72,145,70,28.7657752562146
187,144,84,142,82,19.450185830755515
194,144,168,142,170,17.02306238020515
196,144,192,142,190,29.77059000778325
227,176,84,174,82,26.384956511658615
228,176,96,174,94,19.476965286473305
255,192,180,191,179,18.29047311274929
273,208,156,206,154,28.09802149128238
277,208,204,209,202,19.683784725796997
282,224,24,226,25,29.805359838886957
286,224,72,222,70,21.24495008392192
292,224,144,223,142,18.50288818877713
294,224,168,225,166,28.851957963517503
309,240,108,242,106,28.14002491630504
321,256,12,258,14,12.121195327752705
373,288,156,287,158,28.931489837544966
377,288,204,289,204,27.932640935901123
Fin
Foto,67
15,0,180,0,178,19.36490195677247
16,0,192,0,190,16.885187393079878
22,16,24,17,23,27.218637473708785
24,16,48,16,46,29.42406628984024
36,16,192,14,190,16.095314818579016
43,32,36,30,34,29.148792316302597
69,48,108,49,107,29.908757056629547
108,80,96,82,94,28.800829166206764
120,96,0,94,1,27.134785106145852
141,112,12,112,10,22.279316163458066
235,176,180,174,178,29.390045341036476
289,224,108,223,107,29.45035190204957
302,240,24,239,24,28.97369293119576
326,256,72,257,70,29.240559579142715
330,256,120,258,120,24.958993249756766
346,272,72,271,71,28.987328176381418
349,272,108,273,106,27.73045652341115
Fin
